1.083595 
1.039664 
0.924790 
0.755317 
0.554287 
0.342807 
0.139771 
-0.038455 
-0.182615 
-0.289566 
-0.358850 
-0.392636 
-0.395714 
-0.375400 
-0.339459 
-0.295935 
-0.251557 
-0.211157 
-0.177661 
-0.152100 
-0.133661 
-0.120944 
-0.112467 
-0.106862 
-0.103013 
-0.100046 
-0.097340 
-0.094518 
-0.091454 
-0.088235 
-0.084751 
-0.080907 
-0.076662 
-0.071974 
-0.066804 
-0.061114 
-0.054867 
-0.048027 
-0.040559 
-0.032430 
-0.023615 
-0.014101 
-0.003857 
0.007138 
0.018892 
0.031403 
0.044658 
0.058632 
0.073291 
0.088588 
0.104465 
0.120854 
0.137675 
0.154837 
0.172239 
0.189767 
0.207329 
0.224807 
0.242030 
0.258835 
0.275066 
0.290574 
0.305221 
0.318875 
0.331411 
0.342714 
0.352676 
0.361196 
0.368184 
0.373554 
0.377231 
0.379146 
0.379217 
0.377453 
0.373915 
0.368676 
0.361811 
0.353402 
0.343539 
0.332318 
0.319841 
0.306216 
0.291560 
0.275994 
0.259645 
0.242649 
0.225147 
0.207287 
0.189222 
0.171114 
0.153130 
0.135443 
0.118185 
0.101393 
0.085145 
0.069514 
0.054558 
0.040331 
0.026875 
0.014222 
0.002396 
-0.008589 
-0.018728 
-0.028027 
-0.036500 
-0.044170 
-0.051072 
-0.057248 
-0.062750 
-0.067619 
-0.071875 
-0.075566 
-0.078735 
-0.081428 
-0.083685 
-0.085545 
-0.087046 
-0.088224 
-0.089111 
-0.089739 
-0.090137 
-0.090331 
-0.090348 
-0.090209 
-0.089937 
-0.089550 
-0.089064 
-0.088473 
-0.087781 
-0.087003 
-0.086153 
-0.085244 
-0.084290 
-0.083300 
-0.082285 
-0.081253 
-0.080213 
-0.079171 
-0.078132 
-0.077101 
-0.076080 
-0.075073 
-0.074080 
-0.073101 
-0.072135 
-0.071179 
-0.070230 
-0.069284 
-0.068334 
-0.067375 
-0.066410 
-0.065444 
-0.064479 
-0.063516 
-0.062557 
-0.061601 
-0.060650 
-0.059704 
-0.058763 
-0.057826 
-0.056893 
-0.055962 
-0.055033 
-0.054104 
-0.053172 
-0.052236 
-0.051294 
-0.050342 
-0.049377 
-0.048397 
-0.047396 
-0.046372 
-0.045354 
-0.044364 
-0.043348 
-0.042251 
-0.041015 
-0.039583 
-0.037895 
-0.035891 
-0.033511 
-0.030692 
-0.027371 
-0.023483 
-0.018964 
-0.013747 
-0.007765 
-0.000948 
0.006772 
0.015465 
0.025205 
0.036063 
0.048113 
0.061429 
0.076078 
0.091936 
0.108731 
0.126179 
0.143992 
0.161875 
0.179527 
0.196643 
0.212911 
0.228013 
0.241626 
0.253420 
0.263061 
0.270207 
0.274519 
0.275860 
0.274328 
0.270066 
0.263242 
0.254053 
0.242727 
0.229517 
0.214706 
0.198606 
0.181557 
0.163927 
0.146114 
0.128542 
0.111641 
0.095587 
0.080518 
0.066565 
0.053826 
0.042362 
0.032201 
0.023337 
0.015728 
0.009298 
0.003939 
-0.000496 
-0.003945 
-0.005176 
-0.005835 
-0.007790 
-0.012454 
-0.020786 
-0.033291 
-0.050019 
-0.070565 
-0.094070 
-0.119218 
-0.144242 
-0.166918 
-0.185570 
-0.191995 
-0.175255 
-0.127872 
-0.045840 
0.071377 
0.220841 
0.396144 
0.587406 
0.781274 
0.960179 
1.098570 
1.174701 
1.177145 
1.104854 
0.967159 
0.782568 
0.573659 
0.363076 
0.168486 
0.002356 
-0.128048 
-0.217937 
-0.265732 
-0.280789 
-0.271889 
-0.246710 
-0.211831 
-0.172728 
-0.133779 
-0.098260 
-0.068347 
-0.045115 
-0.028539 
-0.017485 
-0.009708 
-0.004034 
0.000115 
0.003247 
0.005802 
0.008152 
0.010599 
0.013377 
0.016652 
0.020521 
0.025010 
0.030080 
0.035621 
0.041510 
0.047925 
0.054944 
0.062603 
0.070935 
0.079967 
0.089717 
0.100199 
0.111422 
0.123386 
0.136088 
0.149516 
0.163677 
0.178534 
0.194013 
0.210034 
0.226514 
0.243363 
0.260484 
0.277777 
0.295135 
0.312444 
0.329587 
0.346440 
0.362874 
0.378753 
0.393936 
0.408278 
0.421626 
0.433823 
0.444706 
0.454135 
0.462056 
0.468388 
0.473065 
0.476037 
0.477271 
0.476749 
0.474471 
0.470454 
0.464728 
0.457344 
0.448365 
0.437874 
0.425969 
0.412763 
0.398389 
0.382992 
0.366737 
0.349804 
0.332378 
0.314544 
0.296444 
0.278230 
0.260046 
0.242021 
0.224275 
0.206915 
0.190038 
0.173726 
0.158053 
0.143080 
0.128856 
0.115420 
0.102797 
0.091002 
0.080039 
0.069902 
0.060642 
0.052240 
0.044641 
0.037792 
0.031643 
0.026145 
0.021251 
0.016917 
0.013101 
0.009761 
0.006859 
0.004358 
0.002224 
0.000424 
-0.001073 
-0.002295 
-0.003269 
-0.004020 
-0.004570 
-0.004940 
-0.005148 
-0.005212 
-0.005145 
-0.004961 
-0.004669 
-0.004280 
-0.003799 
-0.003231 
-0.002589 
-0.001938 
-0.001292 
-0.000651 
-0.000014 
0.000619 
0.001246 
0.001869 
0.002486 
0.003099 
0.003707 
0.004310 
0.004907 
0.005500 
0.006088 
0.006671 
0.007249 
0.007822 
0.008390 
0.008953 
0.009512 
0.010066 
0.010616 
0.011161 
0.011702 
0.012238 
0.012771 
0.013300 
0.013825 
0.014347 
0.014865 
0.015380 
0.015893 
0.016403 
0.016924 
0.017453 
0.017983 
0.018513 
0.019046 
0.019587 
0.020146 
0.020738 
0.021381 
0.022098 
0.022915 
0.023861 
0.024972 
0.026285 
0.027844 
0.029659 
0.031776 
0.034336 
0.037471 
0.041297 
0.045919 
0.051427 
0.057899 
0.065398 
0.073977 
0.083671 
0.094506 
0.106492 
0.119627 
0.133895 
0.149272 
0.165664 
0.182757 
0.200211 
0.217690 
0.234863 
0.251405 
0.266994 
0.281312 
0.294050 
0.304898 
0.313556 
0.319724 
0.323111 
0.323519 
0.321031 
0.315804 
0.308021 
0.297895 
0.285664 
0.271593 
0.255977 
0.239136 
0.221418 
0.203198 
0.184879 
0.166891 
0.149593 
0.133132 
0.117670 
0.103334 
0.090218 
0.078380 
0.067845 
0.058601 
0.050604 
0.043772 
0.037991 
0.033111 
0.029130 
0.027443 
0.026437 
0.024069 
0.018808 
0.009634 
-0.003968 
-0.022000 
-0.043957 
-0.068824 
-0.095076 
-0.120681 
-0.143095 
-0.160820 
-0.167140 
-0.150035 
-0.101250 
-0.016432 
0.104864 
0.259181 
0.439157 
0.633525 
0.827117 
1.000857 
1.131785 
1.200000 
1.195268 
1.116762 
0.973058 
0.782141 
0.570680 
0.361389 
0.170130 
0.008691 
-0.115732 
-0.200534 
-0.247703 
-0.261941 
-0.249598 
-0.219593 
-0.179665 
-0.136315 
-0.094814 
-0.059196 
-0.031919 
-0.012296 
0.001294 
0.010317 
0.016083 
0.019747 
0.022308 
0.024529 
0.026681 
0.028910 
0.031340 
0.034070 
0.037172 
0.040695 
0.044662 
0.049092 
0.054035 
0.059539 
0.065643 
0.072384 
0.079793 
0.087898 
0.096720 
0.106276 
0.116580 
0.127640 
0.139461 
0.152051 
0.165376 
0.179385 
0.194020 
0.209214 
0.224894 
0.240977 
0.257373 
0.273984 
0.290704 
0.307418 
0.324004 
0.340332 
0.356263 
0.371652 
0.386345 
0.400179 
0.412984 
0.424581 
0.434866 
0.443754 
0.451131 
0.456902 
0.460990 
0.463339 
0.463910 
0.462684 
0.459662 
0.454861 
0.448321 
0.440098 
0.430267 
0.418925 
0.406184 
0.392177 
0.377057 
0.360983 
0.344044 
0.326405 
0.308242 
0.289720 
0.270995 
0.252211 
0.233502 
0.214992 
0.196792 
0.179007 
0.161728 
0.145036 
0.129003 
0.113689 
0.099143 
0.085407 
0.072510 
0.060508 
0.049389 
0.039119 
0.029663 
0.020986 
0.013053 
0.005830 
-0.000720 
-0.006631 
-0.011938 
-0.016677 
-0.020883 
-0.024593 
-0.027841 
-0.030663 
-0.033096 
-0.035175 
-0.036935 
-0.038414 
-0.039648 
-0.040672 
-0.041523 
-0.042238 
-0.042845 
-0.043346 
-0.043752 
-0.044071 
-0.044315 
-0.044491 
-0.044609 
-0.044676 
-0.044700 
-0.044688 
-0.044646 
-0.044581 
-0.044498 
-0.044403 
-0.044299 
-0.044191 
-0.044083 
-0.043977 
-0.043877 
-0.043781 
-0.043684 
-0.043586 
-0.043490 
-0.043396 
-0.043304 
-0.043216 
-0.043132 
-0.043053 
-0.042978 
-0.042907 
-0.042841 
-0.042780 
-0.042722 
-0.042668 
-0.042617 
-0.042567 
-0.042519 
-0.042469 
-0.042419 
-0.042365 
-0.042306 
-0.042241 
-0.042167 
-0.042083 
-0.041986 
-0.041873 
-0.041741 
-0.041569 
-0.041349 
-0.041071 
-0.040718 
-0.040264 
-0.039676 
-0.038913 
-0.037925 
-0.036654 
-0.035035 
-0.032994 
-0.030450 
-0.027314 
-0.023545 
-0.019024 
-0.013590 
-0.007116 
0.000495 
0.009308 
0.019355 
0.030639 
0.043127 
0.056758 
0.071436 
0.087036 
0.103399 
0.120409 
0.137840 
0.155180 
0.171956 
0.187741 
0.202151 
0.214850 
0.225545 
0.233991 
0.239987 
0.243378 
0.244055 
0.241952 
0.237052 
0.229380 
0.218905 
0.205958 
0.191056 
0.174678 
0.157266 
0.139223 
0.120914 
0.102666 
0.084768 
0.067469 
0.050983 
0.035484 
0.021108 
0.007952 
-0.003924 
-0.014498 
-0.023788 
-0.031847 
-0.038774 
-0.044775 
-0.049886 
-0.054206 
-0.058005 
-0.061720 
-0.065955 
-0.071482 
-0.079241 
-0.090337 
-0.105914 
-0.126411 
-0.151402 
-0.179076 
-0.206192 
-0.228075 
-0.238749 
-0.232240 
-0.201338 
-0.140502 
-0.046579 
0.081190 
0.241182 
0.428978 
0.626635 
0.812286 
0.965568 
1.067626 
1.101112 
1.053820 
0.935771 
0.765608 
0.563278 
0.350016 
0.148204 
-0.025919 
-0.165364 
-0.266459 
-0.328912 
-0.355803 
-0.353281 
-0.328473 
-0.290511 
-0.247265 
-0.204777 
-0.167261 
-0.137105 
-0.114941 
-0.099755 
-0.089753 
-0.083378 
-0.079335 
-0.076596 
-0.074400 
-0.072249 
-0.069913 
-0.067423 
-0.064728 
-0.061684 
-0.058248 
-0.054375 
-0.050024 
-0.045155 
-0.039728 
-0.033706 
-0.027053 
-0.019734 
-0.011716 
-0.002983 
0.006485 
0.016714 
0.027714 
0.039487 
0.052022 
0.065296 
0.079273 
0.093907 
0.109138 
0.124895 
0.141097 
0.157648 
0.174441 
0.191358 
0.208279 
0.225110 
0.241680 
0.257811 
0.273338 
0.288103 
0.301960 
0.314771 
0.326408 
0.336753 
0.345696 
0.353139 
0.358992 
0.363175 
0.365618 
0.366260 
0.365019 
0.361885 
0.356944 
0.350286 
0.342004 
0.332197 
0.320971 
0.308433 
0.294698 
0.279882 
0.264111 
0.247511 
0.230215 
0.212360 
0.194089 
0.175549 
0.156891 
0.138272 
0.119853 
0.101801 
0.084280 
0.067345 
0.051040 
0.035423 
0.020543 
0.006442 
-0.006849 
-0.019306 
-0.030915 
-0.041669 
-0.051572 
-0.060636 
-0.068879 
-0.076332 
-0.083032 
-0.089025 
-0.094366 
-0.099115 
-0.103297 
-0.106949 
-0.110118 
-0.112847 
-0.115179 
-0.117151 
-0.118801 
-0.120163 
-0.121270 
-0.122151 
-0.122833 
-0.123342 
-0.123700 
-0.123929 
-0.124045 
-0.124066 
-0.124005 
-0.123872 
-0.123669 
-0.123404 
-0.123086 
-0.122723 
-0.122321 
-0.121889 
-0.121432 
-0.120956 
-0.120465 
-0.119966 
-0.119461 
-0.118955 
-0.118449 
-0.117947 
-0.117450 
-0.116959 
-0.116476 
-0.115999 
-0.115528 
-0.115063 
-0.114601 
-0.114141 
-0.113680 
-0.113214 
-0.112739 
-0.112255 
-0.111765 
-0.111273 
-0.110783 
-0.110296 
-0.109812 
-0.109333 
-0.108858 
-0.108385 
-0.107912 
-0.107435 
-0.106952 
-0.106457 
-0.105944 
-0.105407 
-0.104838 
-0.104230 
-0.103573 
-0.102857 
-0.102087 
-0.101319 
-0.100479 
-0.099474 
-0.098215 
-0.096613 
-0.094585 
-0.092050 
-0.088929 
-0.085147 
-0.080632 
-0.075315 
-0.069128 
-0.062009 
-0.053897 
-0.044734 
-0.034465 
-0.023039 
-0.010406 
0.003478 
0.018619 
0.034777 
0.051693 
0.069096 
0.086692 
0.104169 
0.121195 
0.137416 
0.152457 
0.165923 
0.177400 
0.186559 
0.193173 
0.197053 
0.198087 
0.196239 
0.191551 
0.184139 
0.174197 
0.161996 
0.147881 
0.132248 
0.115436 
0.097883 
0.079998 
0.062145 
0.044645 
0.027776 
0.011768 
-0.003188 
-0.016949 
-0.029415 
-0.040749 
-0.050996 
-0.059932 
-0.067444 
-0.073532 
-0.078309 
-0.082000 
-0.084945 
-0.087593 
-0.090509 
-0.094370 
-0.099965 
-0.108196 
-0.120079 
-0.136616 
-0.158099 
-0.183638 
-0.210932 
-0.236257 
-0.254469 
-0.259210 
-0.244470 
-0.202906 
-0.129332 
-0.021477 
0.120014 
0.291579 
0.486792 
0.684639 
0.860313 
0.993098 
1.066370 
1.067591 
0.989869 
0.845942 
0.658546 
0.449673 
0.240434 
0.050867 
-0.106020 
-0.225442 
-0.305770 
-0.348452 
-0.358014 
-0.341830 
-0.307918 
-0.265170 
-0.220907 
-0.180385 
-0.146788 
-0.121235 
-0.102993 
-0.090631 
-0.082538 
-0.077324 
-0.073847 
-0.071208 
-0.068752 
-0.066072 
-0.063002 
-0.059623 
-0.056095 
-0.052195 
-0.047862 
-0.043052 
-0.037725 
-0.031840 
-0.025359 
-0.018246 
-0.010464 
-0.001980 
0.007233 
0.017185 
0.027896 
0.039382 
0.051645 
0.064676 
0.078454 
0.092943 
0.108100 
0.123865 
0.140168 
0.156928 
0.174049 
0.191425 
0.208937 
0.226454 
0.243833 
0.260919 
0.277544 
0.293557 
0.308855 
0.323255 
0.336586 
0.348695 
0.359444 
0.368715 
0.376408 
0.382441 
0.386746 
0.389278 
0.390008 
0.388922 
0.386027 
0.381347 
0.374923 
0.366745 
0.356882 
0.345510 
0.332800 
0.318918 
0.304026 
0.288280 
0.271833 
0.254830 
0.237413 
0.219721 
0.201885 
0.184032 
0.166286 
0.148763 
0.131577 
0.114835 
0.098641 
0.083094 
0.068285 
0.054305 
0.041205 
0.028979 
0.017618 
0.007108 
-0.002567 
-0.011426 
-0.019490 
-0.026782 
-0.033332 
-0.039167 
-0.044320 
-0.048828 
-0.052727 
-0.056060 
-0.058868 
-0.061200 
-0.063104 
-0.064631 
-0.065838 
-0.066779 
-0.067484 
-0.067970 
-0.068252 
-0.068346 
-0.068266 
-0.068029 
-0.067651 
-0.067146 
-0.066531 
-0.065822 
-0.065033 
-0.064181 
-0.063282 
-0.062351 
-0.061403 
-0.060455 
-0.059523 
-0.058611 
-0.057703 
-0.056796 
-0.055891 
-0.054988 
-0.054086 
-0.053186 
-0.052287 
-0.051390 
-0.050495 
-0.049601 
-0.048709 
-0.047819 
-0.046930 
-0.046043 
-0.045158 
-0.044274 
-0.043392 
-0.042511 
-0.041632 
-0.040755 
-0.039878 
-0.038988 
-0.038089 
-0.037189 
-0.036294 
-0.035408 
-0.034533 
-0.033667 
-0.032808 
-0.031950 
-0.031085 
-0.030204 
-0.029294 
-0.028340 
-0.027326 
-0.026233 
-0.025038 
-0.023718 
-0.022247 
-0.020599 
-0.018761 
-0.016642 
-0.014131 
-0.011126 
-0.007526 
-0.003236 
0.001832 
0.007765 
0.014643 
0.022542 
0.031532 
0.041681 
0.053050 
0.065695 
0.079688 
0.094976 
0.111304 
0.128399 
0.145978 
0.163750 
0.181413 
0.198655 
0.215155 
0.230582 
0.244595 
0.256844 
0.266968 
0.274597 
0.279354 
0.281051 
0.279777 
0.275660 
0.268867 
0.259599 
0.248096 
0.234637 
0.219537 
0.203149 
0.185862 
0.168104 
0.150341 
0.133020 
0.116360 
0.100573 
0.085840 
0.072299 
0.060047 
0.049141 
0.039592 
0.031374 
0.024416 
0.018608 
0.013797 
0.009794 
0.006419 
0.003363 
0.000136 
-0.003936 
-0.009705 
-0.018207 
-0.030658 
-0.048078 
-0.070429 
-0.096504 
-0.123601 
-0.147520 
-0.162562 
-0.162336 
-0.139993 
-0.088778 
-0.004517 
0.114340 
0.266720 
0.448944 
0.646599 
0.837391 
0.999813 
1.113318 
1.158320 
1.121356 
1.011733 
0.846749 
0.646371 
0.433235 
0.231874 
0.058007 
-0.080686 
-0.180142 
-0.240116 
-0.264186 
-0.258748 
-0.231690 
-0.192340 
-0.148379 
-0.105750 
-0.068662 
-0.039600 
-0.018720 
-0.004252 
0.005484 
0.011929 
0.016274 
0.019469 
0.022218 
0.024955 
0.027828 
0.030923 
0.034317 
0.038077 
0.042263 
0.046922 
0.052096 
0.057815 
0.064098 
0.070984 
0.078530 
0.086782 
0.095775 
0.105535 
0.116079 
0.127410 
0.139526 
0.152411 
0.166041 
0.180380 
0.195384 
0.210997 
0.227154 
0.243780 
0.260824 
0.278184 
0.295695 
0.313194 
0.330522 
0.347527 
0.364057 
0.379966 
0.395112 
0.409356 
0.422565 
0.434607 
0.445356 
0.454690 
0.462489 
0.468640 
0.473031 
0.475554 
0.476166 
0.474905 
0.471818 
0.466962 
0.460404 
0.452220 
0.442495 
0.431324 
0.418813 
0.405074 
0.390231 
0.374417 
0.357774 
0.340453 
0.322617 
0.304435 
0.286087 
0.267763 
0.249662 
0.231922 
0.214593 
0.197769 
0.181535 
0.165965 
0.151120 
0.137053 
0.123805 
0.111406 
0.099875 
0.089220 
0.079439 
0.070519 
0.062436 
0.055153 
0.048626 
0.042797 
0.037616 
0.033066 
0.029097 
0.025661 
0.022712 
0.020203 
0.018094 
0.016345 
0.014917 
0.013776 
0.012889 
0.012225 
0.011756 
0.011457 
0.011304 
0.011275 
0.011352 
0.011519 
0.011783 
0.012149 
0.012597 
0.013110 
0.013672 
0.014268 
0.014887 
0.015518 
0.016151 
0.016779 
0.017397 
0.018001 
0.018588 
0.019158 
0.019712 
0.020253 
0.020785 
0.021315 
0.021849 
0.022389 
0.022927 
0.023462 
0.023993 
0.024519 
0.025039 
0.025552 
0.026057 
0.026556 
0.027047 
0.027532 
0.028010 
0.028484 
0.028953 
0.029420 
0.029886 
0.030353 
0.030823 
0.031298 
0.031782 
0.032278 
0.032787 
0.033315 
0.033871 
0.034478 
0.035145 
0.035888 
0.036732 
0.037709 
0.038863 
0.040246 
0.041917 
0.043946 
0.046411 
0.049399 
0.053005 
0.057336 
0.062503 
0.068592 
0.075658 
0.083852 
0.093281 
0.104005 
0.116037 
0.129341 
0.143833 
0.159383 
0.175811 
0.192891 
0.210349 
0.227862 
0.245061 
0.261528 
0.276872 
0.290750 
0.302717 
0.312403 
0.319518 
0.323855 
0.325287 
0.323768 
0.319332 
0.312096 
0.302255 
0.290089 
0.275948 
0.260129 
0.243075 
0.225257 
0.207100 
0.188979 
0.171226 
0.154123 
0.137904 
0.122757 
0.108824 
0.096197 
0.084922 
0.074996 
0.066331 
0.058910 
0.052679 
0.047507 
0.043181 
0.039408 
0.035817 
0.031954 
0.027665 
0.021940 
0.012445 
-0.002155 
-0.022130 
-0.046687 
-0.073967 
-0.101052 
-0.124084 
-0.138418 
-0.134919 
-0.105712 
-0.045503 
0.048412 
0.176154 
0.335257 
0.520948 
0.724871 
0.916043 
1.065488 
1.153241 
1.168347 
1.108861 
0.981846 
0.803363 
0.596468 
0.384581 
0.186661 
0.016524 
-0.117158 
-0.210855 
-0.266181 
-0.286884 
-0.279259 
-0.252396 
-0.214176 
-0.171265 
-0.129118 
-0.091975 
-0.062815 
-0.041901 
-0.027438 
-0.017779 
-0.011506 
-0.007429 
-0.004586 
-0.002242 
0.000047 
0.002429 
0.005000 
0.007847 
0.011042 
0.014645 
0.018705 
0.023258 
0.028327 
0.033932 
0.040123 
0.046950 
0.054457 
0.062678 
0.071638 
0.081354 
0.091835 
0.103081 
0.115082 
0.127822 
0.141275 
0.155405 
0.170171 
0.185519 
0.201410 
0.217772 
0.234472 
0.251375 
0.268347 
0.285252 
0.301954 
0.318320 
0.334212 
0.349495 
0.364033 
0.377689 
0.390329 
0.401814 
0.412008 
0.420775 
0.427977 
0.433488 
0.437257 
0.439254 
0.439463 
0.437884 
0.434529 
0.429428 
0.422623 
0.414173 
0.404149 
0.392639 
0.379745 
0.365585 
0.350288 
0.334002 
0.316888 
0.299121 
0.280892 
0.262399 
0.243744 
0.225053 
0.206469 
0.188123 
0.170133 
0.152603 
0.135628 
0.119287 
0.103650 
0.088770 
0.074692 
0.061447 
0.049053 
0.037516 
0.026829 
0.016974 
0.007934 
-0.000286 
-0.007734 
-0.014456 
-0.020501 
-0.025913 
-0.030738 
-0.035017 
-0.038792 
-0.042103 
-0.044988 
-0.047485 
-0.049628 
-0.051453 
-0.052991 
-0.054275 
-0.055334 
-0.056197 
-0.056890 
-0.057440 
-0.057870 
-0.058203 
-0.058418 
-0.058518 
-0.058521 
-0.058446 
-0.058311 
-0.058129 
-0.057915 
-0.057680 
-0.057435 
-0.057188 
-0.056946 
-0.056715 
-0.056499 
-0.056299 
-0.056117 
-0.055950 
-0.055798 
-0.055655 
-0.055515 
-0.055372 
-0.055216 
-0.055049 
-0.054875 
-0.054699 
-0.054524 
-0.054354 
-0.054190 
-0.054035 
-0.053890 
-0.053756 
-0.053634 
-0.053522 
-0.053421 
-0.053329 
-0.053243 
-0.053162 
-0.053083 
-0.053002 
-0.052914 
-0.052816 
-0.052701 
-0.052565 
-0.052401 
-0.052201 
-0.051959 
-0.051667 
-0.051315 
-0.050895 
-0.050378 
-0.049723 
-0.048884 
-0.047810 
-0.046442 
-0.044714 
-0.042553 
-0.039880 
-0.036607 
-0.032640 
-0.027878 
-0.022214 
-0.015530 
-0.007745 
0.001193 
0.011360 
0.022789 
0.035464 
0.049325 
0.064263 
0.080123 
0.096705 
0.113760 
0.130993 
0.148063 
0.164582 
0.180143 
0.194421 
0.206991 
0.217473 
0.225563 
0.231029 
0.233714 
0.233536 
0.230486 
0.224628 
0.216103 
0.205081 
0.191744 
0.176561 
0.160000 
0.142488 
0.124419 
0.106150 
0.088003 
0.070262 
0.053178 
0.036962 
0.021792 
0.007810 
-0.004880 
-0.016209 
-0.026284 
-0.035132 
-0.042698 
-0.049023 
-0.054242 
-0.058581 
-0.062364 
-0.066004 
-0.070012 
-0.074991 
-0.081597 
-0.090693 
-0.104096 
-0.122726 
-0.146297 
-0.173316 
-0.201081 
-0.225780 
-0.242242 
-0.242918 
-0.221193 
-0.171843 
-0.091040 
0.023652 
0.173421 
0.353540 
0.547979 
0.738464 
0.905438 
1.028055 
1.084240 
1.060752 
0.965402 
0.811815 
0.617525 
0.403975 
0.195745 
0.009428 
-0.146015 
-0.264948 
-0.345318 
-0.388652 
-0.400000 
-0.385496 
-0.353548 
-0.312442 
-0.268838 
-0.227772 
-0.192652 
-0.165273 
-0.145705 
-0.132307 
-0.123412 
-0.117610 
-0.113753 
-0.110954 
-0.108583 
-0.106272 
-0.103894 
-0.101304 
-0.098419 
-0.095192 
-0.091577 
-0.087531 
-0.083011 
-0.077978 
-0.072396 
-0.066227 
-0.059439 
-0.051999 
-0.043878 
-0.035049 
-0.025486 
-0.015187 
-0.004142 
0.007653 
0.020192 
0.033453 
0.047408 
0.062014 
0.077218 
0.092956 
0.109151 
0.125717 
0.142554 
0.159553 
0.176591 
0.193537 
0.210246 
0.226607 
0.242496 
0.257732 
0.272146 
0.285582 
0.297901 
0.308974 
0.318689 
0.326947 
0.333661 
0.338762 
0.342189 
0.343901 
0.343867 
0.342070 
0.338509 
0.333163 
0.325919 
0.316916 
0.306329 
0.294323 
0.281063 
0.266704 
0.251399 
0.235293 
0.218528 
0.201240 
0.183558 
0.165607 
0.147508 
0.129374 
0.111315 
0.093434 
0.075829 
0.058594 
0.041815 
0.025575 
0.009952 
-0.004984 
-0.019166 
-0.032533 
-0.045030 
-0.056612 
-0.067299 
-0.077130 
-0.086143 
-0.094375 
-0.101864 
-0.108648 
-0.114763 
-0.120246 
-0.125133 
-0.129461 
-0.133264 
-0.136579 
-0.139441 
-0.141884 
-0.143944 
-0.145654 
-0.147049 
-0.148163 
-0.149028 
-0.149679 
-0.150147 
-0.150467 
-0.150669 
-0.150728 
-0.150632 
-0.150407 
-0.150074 
-0.149653 
-0.149163 
-0.148621 
-0.148043 
-0.147440 
-0.146825 
-0.146206 
-0.145593 
-0.144991 
-0.144404 
-0.143834 
-0.143283 
-0.142749 
-0.142230 
-0.141719 
-0.141212 
-0.140700 
-0.140172 
-0.139624 
-0.139064 
-0.138494 
-0.137921 
-0.137347 
-0.136775 
-0.136209 
-0.135650 
-0.135100 
-0.134559 
-0.134029 
-0.133509 
-0.132998 
-0.132496 
-0.131999 
-0.131506 
-0.131014 
-0.130520 
-0.130019 
-0.129507 
-0.128979 
-0.128429 
-0.127850 
-0.127237 
-0.126581 
-0.125875 
-0.125110 
-0.124277 
-0.123368 
-0.122361 
-0.121211 
-0.119868 
-0.118275 
-0.116371 
-0.114088 
-0.111356 
-0.108097 
-0.104229 
-0.099664 
-0.094311 
-0.088071 
-0.080842 
-0.072515 
-0.063003 
-0.052280 
-0.040330 
-0.027175 
-0.012878 
0.002459 
0.018691 
0.035636 
0.053068 
0.070723 
0.088297 
0.105442 
0.121774 
0.136865 
0.150292 
0.161791 
0.171047 
0.177800 
0.181863 
0.183123 
0.181544 
0.177159 
0.170081 
0.160491 
0.148647 
0.134881 
0.119550 
0.102988 
0.085619 
0.067837 
0.049994 
0.032406 
0.015352 
-0.000929 
-0.016236 
-0.030407 
-0.043353 
-0.055129 
-0.065615 
-0.074733 
-0.082474 
-0.088896 
-0.094131 
-0.098379 
-0.101907 
-0.105055 
-0.108232 
-0.111916 
-0.116653 
-0.123033 
-0.132001 
-0.145300 
-0.163747 
-0.186997 
-0.213542 
-0.240714 
-0.264774 
-0.280727 
-0.281344 
-0.260235 
-0.212301 
-0.133724 
-0.021976 
0.124363 
0.301839 
0.495628 
0.688490 
0.861959 
0.996337 
1.070698 
1.067007 
0.988639 
0.848604 
0.663494 
0.453484 
0.242325 
0.050634 
-0.111411 
-0.237216 
-0.324164 
-0.373610 
-0.389546 
-0.378602 
-0.349357 
-0.309391 
-0.265266 
-0.222524 
-0.185688 
-0.157208 
-0.136168 
-0.121198 
-0.110983 
-0.104270 
-0.099862 
-0.096620 
-0.093712 
-0.090920 
-0.088084 
-0.085066 
-0.081760 
-0.078085 
-0.073985 
-0.069435 
-0.064430 
-0.058932 
-0.052886 
-0.046246 
-0.038969 
-0.031021 
-0.022375 
-0.013008 
-0.002903 
0.007947 
0.019547 
0.031893 
0.044975 
0.058779 
0.073283 
0.088540 
0.104491 
0.121009 
0.137966 
0.155238 
0.172699 
0.190223 
0.207685 
0.224963 
0.241930 
0.258465 
0.274444 
0.289744 
0.304243 
0.317820 
0.330353 
0.341721 
0.351804 
0.360482 
0.367634 
0.373142 
0.376887 
0.378762 
0.378764 
0.376943 
0.373357 
0.368071 
0.361156 
0.352692 
0.342766 
0.331473 
0.318914 
0.305200 
0.290447 
0.274779 
0.258329 
0.241236 
0.223646 
0.205715 
0.187603 
0.169480 
0.151523 
0.133912 
0.116717 
0.100002 
0.083847 
0.068323 
0.053492 
0.039405 
0.026104 
0.013620 
0.001976 
-0.008818 
-0.018759 
-0.027855 
-0.036125 
-0.043597 
-0.050308 
-0.056306 
-0.061643 
-0.066335 
-0.070427 
-0.073963 
-0.076990 
-0.079551 
-0.081687 
-0.083436 
-0.084836 
-0.085922 
-0.086727 
-0.087281 
-0.087613 
-0.087751 
-0.087719 
-0.087539 
-0.087233 
-0.086819 
-0.086297 
-0.085662 
-0.084929 
-0.084117 
-0.083239 
-0.082308 
-0.081339 
-0.080340 
-0.079323 
-0.078296 
-0.077266 
-0.076239 
-0.075221 
-0.074214 
-0.073220 
-0.072242 
-0.071279 
-0.070329 
-0.069390 
-0.068457 
-0.067526 
-0.066590 
-0.065643 
-0.064691 
-0.063739 
-0.062787 
-0.061838 
-0.060891 
-0.059949 
-0.059012 
-0.058079 
-0.057152 
-0.056229 
-0.055309 
-0.054393 
-0.053478 
-0.052563 
-0.051646 
-0.050725 
-0.049797 
-0.048861 
-0.047912 
-0.046947 
-0.045963 
-0.044956 
-0.043944 
-0.042993 
-0.042046 
-0.041038 
-0.039901 
-0.038570 
-0.036978 
-0.035061 
-0.032754 
-0.029991 
-0.026707 
-0.022840 
-0.018324 
-0.013097 
-0.007094 
-0.000254 
0.007487 
0.016190 
0.025918 
0.036732 
0.048694 
0.061864 
0.076304 
0.091986 
0.108610 
0.125941 
0.143722 
0.161668 
0.179471 
0.196793 
0.213268 
0.228508 
0.242101 
0.253727 
0.263072 
0.269874 
0.273951 
0.275196 
0.273580 
0.269153 
0.262040 
0.252444 
0.240537 
0.226644 
0.211234 
0.194742 
0.177564 
0.160067 
0.142577 
0.125390 
0.108764 
0.092923 
0.078057 
0.064320 
0.051831 
0.040675 
0.030808 
0.022197 
0.014864 
0.008757 
0.003760 
-0.000313 
-0.003716 
-0.006771 
-0.009869 
-0.013469 
-0.017915 
-0.024311 
-0.034576 
-0.049742 
-0.069903 
-0.094219 
-0.120914 
-0.147273 
-0.169192 
-0.180130 
-0.173612 
-0.143892 
-0.085955 
0.004482 
0.129926 
0.288082 
0.471600 
0.667908 
0.859210 
1.022488 
1.132466 
1.173793 
1.140683 
1.036321 
0.872878 
0.671508 
0.459301 
0.255229 
0.074009 
-0.074274 
-0.184340 
-0.255716 
-0.291050 
-0.295514 
-0.277116 
-0.243303 
-0.200930 
-0.156254 
-0.114942 
-0.081265 
-0.055388 
-0.036363 
-0.023101 
-0.014361 
-0.008752 
-0.004767 
-0.001523 
0.001330 
0.004088 
0.006975 
0.010139 
0.013654 
0.017522 
0.021774 
0.026467 
0.031643 
0.037340 
0.043597 
0.050448 
0.057927 
0.066066 
0.074895 
0.084439 
0.094707 
0.105714 
0.117472 
0.129982 
0.143230 
0.157196 
0.171842 
0.187124 
0.202984 
0.219352 
0.236148 
0.253278 
0.270640 
0.288118 
0.305584 
0.322901 
0.339973 
0.356666 
0.372794 
0.388185 
0.402682 
0.416138 
0.428421 
0.439411 
0.449002 
0.457099 
0.463624 
0.468509 
0.471699 
0.473154 
0.472846 
0.470759 
0.466888 
0.461105 
0.453482 
0.444189 
0.433392 
0.421251 
0.407921 
0.393555 
0.378298 
0.362292 
0.345673 
0.328573 
0.311119 
0.293434 
0.275634 
0.257832 
0.240136 
0.222649 
0.205470 
0.188691 
0.172401 
0.156684 
0.141619 
0.127280 
0.113736 
0.101052 
0.089278 
0.078381 
0.068328 
0.059093 
0.050649 
0.042965 
0.036012 
0.029757 
0.024167 
0.019209 
0.014845 
0.011038 
0.007750 
0.004941 
0.002568 
0.000590 
-0.001038 
-0.002361 
-0.003426 
-0.004273 
-0.004918 
-0.005376 
-0.005660 
-0.005786 
-0.005768 
-0.005619 
-0.005355 
-0.004989 
-0.004535 
-0.004007 
-0.003420 
-0.002788 
-0.002124 
-0.001443 
-0.000757 
-0.000082 
0.000569 
0.001207 
0.001840 
0.002468 
0.003092 
0.003710 
0.004325 
0.004934 
0.005539 
0.006139 
0.006735 
0.007326 
0.007912 
0.008493 
0.009070 
0.009643 
0.010210 
0.010773 
0.011332 
0.011886 
0.012436 
0.012985 
0.013531 
0.014073 
0.014609 
0.015138 
0.015661 
0.016179 
0.016694 
0.017209 
0.017726 
0.018251 
0.018787 
0.019342 
0.019920 
0.020530 
0.021179 
0.021882 
0.022662 
0.023547 
0.024570 
0.025774 
0.027207 
0.028923 
0.030985 
0.033461 
0.036427 
0.039965 
0.044165 
0.049121 
0.054937 
0.061723 
0.069594 
0.078613 
0.088815 
0.100244 
0.112898 
0.126730 
0.141652 
0.157527 
0.174178 
0.191383 
0.208873 
0.226339 
0.243423 
0.259728 
0.274876 
0.288553 
0.300349 
0.309925 
0.317014 
0.321420 
0.323023 
0.321776 
0.317705 
0.310909 
0.301560 
0.289905 
0.276256 
0.260870 
0.244163 
0.226582 
0.208533 
0.190381 
0.172448 
0.155015 
0.138323 
0.122569 
0.107909 
0.094459 
0.082291 
0.071439 
0.061863 
0.053493 
0.046333 
0.040322 
0.035320 
0.031116 
0.027420 
0.023870 
0.020026 
0.015542 
0.010230 
0.001751 
-0.011597 
-0.030417 
-0.054217 
-0.081409 
-0.109308 
-0.134134 
-0.151097 
-0.156673 
-0.141874 
-0.098137 
-0.020508 
0.092357 
0.238188 
0.411110 
0.601632 
0.796658 
0.976536 
1.114160 
1.189553 
1.192295 
1.121527 
0.985663 
0.801749 
0.593835 
0.382974 
0.186063 
0.015840 
-0.119052 
-0.215812 
-0.276314 
-0.303879 
-0.303168 
-0.280177 
-0.242241 
-0.198015 
-0.154680 
-0.115692 
-0.083364 
-0.058702 
-0.041408 
-0.029879 
-0.022164 
-0.017128 
-0.013735 
-0.011185 
-0.008917 
-0.006608 
-0.004166 
-0.001509 
0.001449 
0.004753 
0.008446 
0.012568 
0.017160 
0.022260 
0.027903 
0.034123 
0.040927 
0.048353 
0.056449 
0.065251 
0.074786 
0.085069 
0.096108 
0.107899 
0.120427 
0.133668 
0.147589 
0.162145 
0.177282 
0.192936 
0.209032 
0.225486 
0.242203 
0.259078 
0.276006 
0.292913 
0.309639 
0.326015 
0.341883 
0.357090 
0.371496 
0.384965 
0.397374 
0.408608 
0.418558 
0.427127 
0.434226 
0.439773 
0.443698 
0.445937 
0.446436 
0.445134 
0.441942 
0.436938 
0.430228 
0.421920 
0.412121 
0.400941 
0.388493 
0.374889 
0.360244 
0.344675 
0.328298 
0.311233 
0.293601 
0.275524 
0.257127 
0.238533 
0.219871 
0.201269 
0.182857 
0.164766 
0.147129 
0.130081 
0.113754 
0.098172 
0.083341 
0.069281 
0.056008 
0.043533 
0.031860 
0.020990 
0.010919 
0.001636 
-0.006873 
-0.014629 
-0.021655 
-0.027984 
-0.033648 
-0.038689 
-0.043152 
-0.047088 
-0.050551 
-0.053601 
-0.056276 
-0.058596 
-0.060595 
-0.062305 
-0.063756 
-0.064975 
-0.065989 
-0.066819 
-0.067487 
-0.068011 
-0.068408 
-0.068691 
-0.068873 
-0.068963 
-0.068968 
-0.068894 
-0.068742 
-0.068530 
-0.068314 
-0.068101 
-0.067891 
-0.067683 
-0.067479 
-0.067277 
-0.067078 
-0.066881 
-0.066688 
-0.066497 
-0.066308 
-0.066122 
-0.065939 
-0.065759 
-0.065580 
-0.065400 
-0.065203 
-0.064995 
-0.064782 
-0.064569 
-0.064361 
-0.064160 
-0.063970 
-0.063794 
-0.063632 
-0.063486 
-0.063356 
-0.063241 
-0.063140 
-0.063051 
-0.062971 
-0.062898 
-0.062827 
-0.062754 
-0.062673 
-0.062578 
-0.062462 
-0.062318 
-0.062138 
-0.061912 
-0.061632 
-0.061286 
-0.060865 
-0.060356 
-0.059747 
-0.059014 
-0.058103 
-0.056952 
-0.055496 
-0.053666 
-0.051389 
-0.048588 
-0.045185 
-0.041096 
-0.036234 
-0.030507 
-0.023823 
-0.016082 
-0.007186 
0.002909 
0.014212 
0.026709 
0.040344 
0.055024 
0.070617 
0.086951 
0.103815 
0.120959 
0.138096 
0.154897 
0.170995 
0.185984 
0.199454 
0.211134 
0.220696 
0.227863 
0.232428 
0.234260 
0.233294 
0.229541 
0.223081 
0.214067 
0.202723 
0.189337 
0.174161 
0.157594 
0.140058 
0.121941 
0.103596 
0.085339 
0.067454 
0.050189 
0.033757 
0.018335 
0.004068 
-0.008938 
-0.020826 
-0.031587 
-0.041051 
-0.049142 
-0.055877 
-0.061363 
-0.065802 
-0.069487 
-0.072805 
-0.076233 
-0.080343 
-0.085798 
-0.093354 
-0.103856 
-0.118221 
-0.137425 
-0.161365 
-0.188609 
-0.216393 
-0.240618 
-0.256200 
-0.257117 
-0.236612 
-0.189376 
-0.111629 
-0.001122 
0.142957 
0.318237 
0.511047 
0.704490 
0.880519 
1.019935 
1.102390 
1.110094 
1.042844 
0.909536 
0.726417 
0.517090 
0.305441 
0.109175 
-0.058639 
-0.190380 
-0.283316 
-0.338150 
-0.360092 
-0.355158 
-0.329840 
-0.291115 
-0.246436 
-0.203578 
-0.166887 
-0.137323 
-0.115126 
-0.099777 
-0.089995 
-0.083778 
-0.079597 
-0.076709 
-0.074484 
-0.072448 
-0.070291 
-0.067863 
-0.065166 
-0.062152 
-0.058752 
-0.054924 
-0.050629 
-0.045828 
-0.040481 
-0.034552 
-0.028006 
-0.020808 
-0.012927 
-0.004356 
0.004933 
0.014967 
0.025762 
0.037321 
0.049638 
0.062693 
0.076456 
0.090885 
0.105926 
0.121515 
0.137576 
0.154022 
0.170752 
0.187657 
0.204615 
0.221493 
0.238145 
0.254419 
0.270218 
0.285387 
0.299751 
0.313149 
0.325435 
0.336478 
0.346160 
0.354379 
0.361047 
0.366090 
0.369450 
0.371081 
0.370954 
0.369052 
0.365376 
0.359882 
0.352481 
0.343333 
0.332609 
0.320475 
0.307093 
0.292618 
0.277201 
0.260988 
0.244120 
0.226732 
0.208954 
0.190912 
0.172726 
0.154510 
0.136374 
0.118424 
0.100759 
0.083473 
0.066655 
0.050391 
0.034758 
0.019831 
0.005678 
-0.007636 
-0.020054 
-0.031549 
-0.042157 
-0.051917 
-0.060866 
-0.069039 
-0.076474 
-0.083208 
-0.089276 
-0.094715 
-0.099562 
-0.103852 
-0.107620 
-0.110904 
-0.113737 
-0.116156 
-0.118196 
-0.119892 
-0.121278 
-0.122391 
-0.123263 
-0.123931 
-0.124427 
-0.124787 
-0.125016 
-0.125070 
-0.124973 
-0.124751 
-0.124428 
-0.124024 
-0.123560 
-0.123053 
-0.122518 
-0.121967 
-0.121413 
-0.120863 
-0.120326 
-0.119804 
-0.119302 
-0.118819 
-0.118354 
-0.117904 
-0.117461 
-0.117019 
-0.116568 
-0.116097 
-0.115613 
-0.115121 
-0.114625 
-0.114126 
-0.113628 
-0.113133 
-0.112640 
-0.112153 
-0.111671 
-0.111195 
-0.110725 
-0.110260 
-0.109801 
-0.109345 
-0.108891 
-0.108438 
-0.107983 
-0.107524 
-0.107058 
-0.106581 
-0.106090 
-0.105580 
-0.105049 
-0.104489 
-0.103897 
-0.103267 
-0.102593 
-0.101868 
-0.101066 
-0.100157 
-0.099109 
-0.097883 
-0.096433 
-0.094702 
-0.092630 
-0.090146 
-0.087173 
-0.083625 
-0.079409 
-0.074425 
-0.068564 
-0.061716 
-0.053838 
-0.044832 
-0.034612 
-0.023137 
-0.010412 
0.003516 
0.018553 
0.034564 
0.051364 
0.068729 
0.086386 
0.104020 
0.121270 
0.137744 
0.153144 
0.167046 
0.179048 
0.188818 
0.196097 
0.200697 
0.202501 
0.201465 
0.197615 
0.191050 
0.181940 
0.170524 
0.157024 
0.141831 
0.125392 
0.108123 
0.090401 
0.072571 
0.054945 
0.037798 
0.021372 
0.005876 
-0.008519 
-0.021672 
-0.033560 
-0.044325 
-0.053808 
-0.061911 
-0.068631 
-0.074054 
-0.078360 
-0.081820 
-0.084797 
-0.087748 
-0.091219 
-0.095851 
-0.102375 
-0.111599 
-0.124582 
-0.142533 
-0.165451 
-0.191966 
-0.219346 
-0.243490 
-0.259371 
-0.260431 
-0.239751 
-0.191913 
-0.113014 
-0.000665 
0.146172 
0.324090 
0.518185 
0.710878 
0.883317 
1.015378 
1.085662 
1.078344 
0.994515 
0.844618 
0.650132 
0.438528 
0.231663 
0.047247 
-0.103394 
-0.214716 
-0.286345 
-0.321395 
-0.324887 
-0.303745 
-0.266790 
-0.223160 
-0.179504 
-0.140646 
-0.109389 
-0.086506 
-0.070768 
-0.060272 
-0.053505 
-0.049078 
-0.045912 
-0.043242 
-0.040615 
-0.037887 
-0.034961 
-0.031721 
-0.028119 
-0.024104 
-0.019629 
-0.014650 
-0.009124 
-0.003010 
0.003732 
0.011122 
0.019176 
0.027948 
0.037478 
0.047795 
0.058916 
0.070843 
0.083568 
0.097070 
0.111313 
0.126252 
0.141828 
0.157967 
0.174586 
0.191589 
0.208864 
0.226291 
0.243734 
0.261046 
0.278091 
0.294762 
0.310863 
0.326207 
0.340621 
0.353947 
0.366041 
0.376775 
0.386036 
0.393724 
0.399756 
0.404061 
0.406587 
0.407292 
0.406152 
0.403157 
0.398198 
0.391284 
0.382594 
0.372304 
0.360584 
0.347598 
0.333507 
0.318468 
0.302630 
0.286139 
0.269137 
0.251760 
0.234140 
0.216402 
0.198669 
0.181059 
0.163682 
0.146647 
0.130055 
0.114006 
0.098591 
0.083898 
0.070012 
0.057009 
0.044959 
0.033847 
0.023637 
0.014293 
0.005779 
-0.001942 
-0.008904 
-0.015146 
-0.020703 
-0.025614 
-0.029915 
-0.033645 
-0.036841 
-0.039543 
-0.041788 
-0.043617 
-0.045068 
-0.046182 
-0.046997 
-0.047556 
-0.047897 
-0.048063 
-0.048091 
-0.047995 
-0.047782 
-0.047465 
-0.047055 
-0.046563 
-0.045999 
-0.045373 
-0.044693 
-0.043969 
-0.043208 
-0.042417 
-0.041604 
-0.040773 
-0.039932 
-0.039085 
-0.038236 
-0.037390 
-0.036550 
-0.035713 
-0.034875 
-0.034037 
-0.033199 
-0.032364 
-0.031530 
-0.030699 
-0.029872 
-0.029047 
-0.028226 
-0.027409 
-0.026594 
-0.025783 
-0.024975 
-0.024168 
-0.023363 
-0.022559 
-0.021755 
-0.020950 
-0.020142 
-0.019332 
-0.018516 
-0.017695 
-0.016865 
-0.016026 
-0.015176 
-0.014303 
-0.013390 
-0.012438 
-0.011438 
-0.010374 
-0.009220 
-0.007943 
-0.006500 
-0.004841 
-0.002907 
-0.000631 
0.002065 
0.005263 
0.009058 
0.013500 
0.018673 
0.024768 
0.031936 
0.040292 
0.049911 
0.060830 
0.073045 
0.086514 
0.101157 
0.116854 
0.133446 
0.150735 
0.168483 
0.186469 
0.204324 
0.221522 
0.237587 
0.252102 
0.264703 
0.275082 
0.282989 
0.288225 
0.290651 
0.290182 
0.286789 
0.280477 
0.271191 
0.259364 
0.245520 
0.230145 
0.213688 
0.196559 
0.179130 
0.161736 
0.144675 
0.128206 
0.112549 
0.097889 
0.084371 
0.072104 
0.061157 
0.051563 
0.043316 
0.036231 
0.030215 
0.025317 
0.021425 
0.018267 
0.015408 
0.012252 
0.008040 
0.001853 
-0.007391 
-0.020714 
-0.039128 
-0.062558 
-0.089359 
-0.116308 
-0.138676 
-0.150522 
-0.144469 
-0.113988 
-0.053785 
0.040200 
0.170570 
0.334455 
0.521977 
0.718186 
0.903124 
1.051824 
1.138497 
1.149550 
1.082278 
0.946346 
0.761716 
0.552944 
0.343215 
0.151133 
-0.009595 
-0.132928 
-0.217339 
-0.264034 
-0.276949 
-0.262753 
-0.230355 
-0.188018 
-0.143356 
-0.102007 
-0.067479 
-0.041143 
-0.022298 
-0.009493 
-0.001088 
0.004418 
0.008222 
0.011219 
0.014001 
0.016856 
0.019816 
0.023030 
0.026573 
0.030494 
0.034840 
0.039656 
0.044984 
0.050865 
0.057339 
0.064440 
0.072180 
0.080606 
0.089762 
0.099678 
0.110377 
0.121865 
0.134141 
0.147190 
0.160986 
0.175491 
0.190656 
0.206420 
0.222710 
0.239444 
0.256525 
0.273846 
0.291301 
0.308813 
0.326201 
0.343282 
0.359882 
0.375838 
0.390993 
0.405201 
0.418327 
0.430243 
0.440831 
0.449982 
0.457598 
0.463588 
0.467873 
0.470381 
0.471050 
0.469784 
0.466538 
0.461426 
0.454569 
0.446085 
0.436098 
0.424730 
0.412105 
0.398351 
0.383593 
0.367960 
0.351582 
0.334589 
0.317114 
0.299291 
0.281253 
0.263139 
0.245084 
0.227227 
0.209709 
0.192671 
0.176256 
0.160606 
0.145773 
0.131747 
0.118543 
0.106171 
0.094634 
0.083933 
0.074063 
0.065012 
0.056765 
0.049304 
0.042601 
0.036628 
0.031348 
0.026723 
0.022707 
0.019250 
0.016297 
0.013788 
0.011659 
0.009872 
0.008407 
0.007230 
0.006308 
0.005613 
0.005118 
0.004799 
0.004636 
0.004610 
0.004705 
0.004908 
0.005208 
0.005599 
0.006075 
0.006633 
0.007255 
0.007877 
0.008495 
0.009109 
0.009717 
0.010322 
0.010921 
0.011516 
0.012107 
0.012693 
0.013275 
0.013851 
0.014424 
0.014996 
0.015570 
0.016143 
0.016714 
0.017279 
0.017839 
0.018391 
0.018934 
0.019469 
0.019993 
0.020508 
0.021014 
0.021510 
0.021999 
0.022481 
0.022957 
0.023430 
0.023901 
0.024373 
0.024849 
0.025331 
0.025822 
0.026328 
0.026850 
0.027394 
0.027964 
0.028565 
0.029207 
0.029919 
0.030723 
0.031649 
0.032733 
0.034022 
0.035571 
0.037441 
0.039704 
0.042441 
0.045738 
0.049691 
0.054407 
0.059997 
0.066583 
0.074224 
0.083004 
0.093015 
0.104303 
0.116865 
0.130652 
0.145568 
0.161467 
0.178160 
0.195406 
0.212921 
0.230371 
0.247375 
0.263506 
0.278327 
0.291528 
0.302710 
0.311527 
0.317715 
0.321092 
0.321554 
0.319078 
0.313724 
0.305629 
0.295013 
0.282176 
0.267497 
0.251298 
0.233994 
0.216044 
0.197860 
0.179808 
0.162203 
0.145316 
0.129369 
0.114535 
0.100940 
0.088665 
0.077739 
0.068089 
0.059511 
0.052146 
0.046048 
0.041133 
0.037181 
0.033836 
0.030604 
0.026857 
0.021829 
0.014617 
0.004183 
-0.010496 
-0.030236 
-0.054766 
-0.082273 
-0.109404 
-0.131406 
-0.141993 
-0.134334 
-0.102313 
-0.040559 
0.055237 
0.186463 
0.350445 
0.538456 
0.735555 
0.920589 
1.067562 
1.154423 
1.167971 
1.105178 
0.973240 
0.789576 
0.580978 
0.370134 
0.173448 
0.003576 
-0.131164 
-0.226793 
-0.283670 
-0.306480 
-0.300929 
-0.274671 
-0.236364 
-0.193136 
-0.150578 
-0.112751 
-0.082177 
-0.059731 
-0.044130 
-0.033616 
-0.026695 
-0.022129 
-0.018942 
-0.016416 
-0.014094 
-0.011732 
-0.009165 
-0.006336 
-0.003192 
0.000316 
0.004233 
0.008605 
0.013474 
0.018879 
0.024858 
0.031445 
0.038674 
0.046574 
0.055173 
0.064494 
0.074548 
0.085345 
0.096891 
0.109177 
0.122188 
0.135895 
0.150260 
0.165233 
0.180754 
0.196752 
0.213147 
0.229845 
0.246745 
0.263733 
0.280684 
0.297464 
0.313927 
0.329917 
0.345267 
0.359813 
0.373475 
0.386103 
0.397540 
0.407650 
0.416313 
0.423429 
0.428915 
0.432706 
0.434756 
0.435036 
0.433536 
0.430265 
0.425249 
0.418532 
0.410177 
0.400264 
0.388877 
0.376065 
0.361986 
0.346812 
0.330708 
0.313833 
0.296341 
0.278378 
0.260084 
0.241594 
0.223037 
0.204534 
0.186201 
0.168149 
0.150481 
0.133294 
0.116680 
0.100724 
0.085504 
0.071094 
0.057524 
0.044792 
0.032891 
0.021810 
0.011537 
0.002055 
-0.006654 
-0.014613 
-0.021845 
-0.028378 
-0.034243 
-0.039474 
-0.044107 
-0.048180 
-0.051738 
-0.054824 
-0.057486 
-0.059777 
-0.061749 
-0.063456 
-0.064926 
-0.066172 
-0.067208 
-0.068050 
-0.068710 
-0.069206 
-0.069552 
-0.069764 
-0.069857 
-0.069847 
-0.069752 
-0.069588 
-0.069372 
-0.069121 
-0.068852 
-0.068584 
-0.068334 
-0.068110 
-0.067892 
-0.067677 
-0.067464 
-0.067254 
-0.067048 
-0.066843 
-0.066642 
-0.066444 
-0.066248 
-0.066055 
-0.065864 
-0.065676 
-0.065491 
-0.065309 
-0.065129 
-0.064951 
-0.064776 
-0.064604 
-0.064433 
-0.064266 
-0.064098 
-0.063923 
-0.063747 
-0.063574 
-0.063406 
-0.063244 
-0.063091 
-0.062944 
-0.062801 
-0.062661 
-0.062517 
-0.062364 
-0.062195 
-0.062002 
-0.061776 
-0.061505 
-0.061179 
-0.060783 
-0.060303 
-0.059759 
-0.059161 
-0.058409 
-0.057407 
-0.056060 
-0.054279 
-0.051979 
-0.049077 
-0.045496 
-0.041162 
-0.036006 
-0.029962 
-0.022968 
-0.014966 
-0.005902 
0.004272 
0.015604 
0.028134 
0.041901 
0.056865 
0.072785 
0.089397 
0.106424 
0.123574 
0.140543 
0.157012 
0.172650 
0.187109 
0.200030 
0.211041 
0.219753 
0.225877 
0.229288 
0.229909 
0.227724 
0.222779 
0.215178 
0.205088 
0.192736 
0.178408 
0.162454 
0.145282 
0.127357 
0.109028 
0.090633 
0.072511 
0.054953 
0.038202 
0.022457 
0.007866 
-0.005467 
-0.017488 
-0.028188 
-0.037611 
-0.046016 
-0.053370 
-0.059585 
-0.064707 
-0.068917 
-0.072530 
-0.075994 
-0.079894 
-0.084947 
-0.092005 
-0.102055 
-0.116216 
-0.135518 
-0.159569 
-0.186690 
-0.214031 
-0.237558 
-0.252056 
-0.251127 
-0.229011 
-0.179352 
-0.096444 
0.021495 
0.172313 
0.349924 
0.544488 
0.742970 
0.916724 
1.040213 
1.096952 
1.079500 
0.989463 
0.837494 
0.642936 
0.430614 
0.222528 
0.035364 
-0.119506 
-0.236029 
-0.313467 
-0.353319 
-0.361099 
-0.345420 
-0.314026 
-0.273786 
-0.230693 
-0.189870 
-0.155564 
-0.130128 
-0.112099 
-0.099786 
-0.091699 
-0.086539 
-0.083199 
-0.080765 
-0.078568 
-0.076364 
-0.074040 
-0.071494 
-0.068640 
-0.065407 
-0.061739 
-0.057594 
-0.052944 
-0.047778 
-0.042064 
-0.035746 
-0.028773 
-0.021103 
-0.012704 
-0.003553 
0.006365 
0.017055 
0.028514 
0.040728 
0.053677 
0.067329 
0.081644 
0.096574 
0.112061 
0.128039 
0.144458 
0.161219 
0.178173 
0.195172 
0.212071 
0.228727 
0.244998 
0.260747 
0.275836 
0.290129 
0.303496 
0.315805 
0.326927 
0.336737 
0.345110 
0.351923 
0.357058 
0.360422 
0.361992 
0.361765 
0.359752 
0.355977 
0.350477 
0.343302 
0.334516 
0.324196 
0.312433 
0.299330 
0.285004 
0.269586 
0.253219 
0.236062 
0.218283 
0.200067 
0.181612 
0.163056 
0.144498 
0.126079 
0.107925 
0.090151 
0.072860 
0.056141 
0.040074 
0.024723 
0.010140 
-0.003632 
-0.016566 
-0.028646 
-0.039869 
-0.050243 
-0.059790 
-0.068507 
-0.076414 
-0.083560 
-0.089991 
-0.095751 
-0.100884 
-0.105433 
-0.109440 
-0.112944 
-0.115986 
-0.118602 
-0.120830 
-0.122704 
-0.124261 
-0.125531 
-0.126548 
-0.127343 
-0.127944 
-0.128381 
-0.128680 
-0.128855 
-0.128879 
-0.128769 
-0.128547 
-0.128233 
-0.127845 
-0.127400 
-0.126913 
-0.126398 
-0.125866 
-0.125327 
-0.124788 
-0.124258 
-0.123739 
-0.123236 
-0.122750 
-0.122280 
-0.121825 
-0.121380 
-0.120941 
-0.120499 
-0.120047 
-0.119575 
-0.119083 
-0.118578 
-0.118066 
-0.117551 
-0.117037 
-0.116529 
-0.116029 
-0.115539 
-0.115062 
-0.114596 
-0.114143 
-0.113702 
-0.113271 
-0.112848 
-0.112430 
-0.112015 
-0.111596 
-0.111171 
-0.110732 
-0.110273 
-0.109788 
-0.109268 
-0.108704 
-0.108089 
-0.107411 
-0.106660 
-0.105824 
-0.104891 
-0.103844 
-0.102629 
-0.101183 
-0.099438 
-0.097323 
-0.094761 
-0.091673 
-0.087975 
-0.083580 
-0.078397 
-0.072331 
-0.065282 
-0.057149 
-0.047824 
-0.037241 
-0.025401 
-0.012331 
0.001900 
0.017181 
0.033362 
0.050255 
0.067627 
0.085209 
0.102689 
0.119716 
0.135897 
0.150801 
0.163968 
0.175107 
0.183926 
0.190170 
0.193656 
0.194285 
0.192030 
0.186946 
0.179163 
0.168891 
0.156415 
0.142100 
0.126280 
0.109350 
0.091744 
0.073855 
0.056035 
0.038594 
0.021801 
0.005885 
-0.008968 
-0.022611 
-0.034999 
-0.046249 
-0.056204 
-0.064759 
-0.071899 
-0.077698 
-0.082319 
-0.086015 
-0.089127 
-0.092087 
-0.095416 
-0.099724 
-0.105712 
-0.114156 
-0.126079 
-0.142883 
-0.164836 
-0.190815 
-0.218314 
-0.243437 
-0.261239 
-0.265307 
-0.248400 
-0.204774 
-0.130242 
-0.022175 
0.120579 
0.295927 
0.489388 
0.682892 
0.857268 
0.992252 
1.066478 
1.061416 
0.980273 
0.836723 
0.648372 
0.436752 
0.227233 
0.040040 
-0.114998 
-0.231776 
-0.308676 
-0.348022 
-0.354749 
-0.337241 
-0.303550 
-0.261083 
-0.216605 
-0.176228 
-0.143799 
-0.119119 
-0.101286 
-0.089184 
-0.081486 
-0.076649 
-0.073079 
-0.070131 
-0.067472 
-0.064822 
-0.061976 
-0.058799 
-0.055230 
-0.051275 
-0.046900 
-0.042043 
-0.036658 
-0.030704 
-0.024141 
-0.016932 
-0.009046 
-0.000453 
0.008873 
0.018954 
0.029811 
0.041463 
0.053906 
0.067115 
0.081058 
0.095689 
0.110956 
0.126796 
0.143135 
0.159889 
0.176966 
0.194264 
0.211668 
0.229056 
0.246297 
0.263246 
0.279753 
0.295654 
0.310778 
0.324942 
0.337956 
0.349715 
0.360119 
0.369038 
0.376359 
0.381993 
0.385870 
0.387942 
0.388179 
0.386576 
0.383146 
0.377923 
0.370962 
0.362340 
0.352153 
0.340519 
0.327576 
0.313454 
0.298255 
0.282166 
0.265369 
0.248034 
0.230327 
0.212399 
0.194397 
0.176455 
0.158701 
0.141252 
0.124215 
0.107690 
0.091767 
0.076526 
0.062038 
0.048369 
0.035574 
0.023651 
0.012591 
0.002379 
-0.007001 
-0.015568 
-0.023345 
-0.030357 
-0.036633 
-0.042204 
-0.047104 
-0.051369 
-0.055041 
-0.058161 
-0.060776 
-0.062935 
-0.064690 
-0.066094 
-0.067206 
-0.068067 
-0.068694 
-0.069104 
-0.069311 
-0.069333 
-0.069185 
-0.068883 
-0.068443 
-0.067883 
-0.067218 
-0.066465 
-0.065640 
-0.064762 
-0.063845 
-0.062908 
-0.061967 
-0.061039 
-0.060137 
-0.059239 
-0.058342 
-0.057447 
-0.056553 
-0.055661 
-0.054770 
-0.053881 
-0.052993 
-0.052107 
-0.051222 
-0.050339 
-0.049457 
-0.048577 
-0.047698 
-0.046821 
-0.045945 
-0.045071 
-0.044198 
-0.043327 
-0.042457 
-0.041586 
-0.040705 
-0.039820 
-0.038936 
-0.038057 
-0.037186 
-0.036323 
-0.035467 
-0.034615 
-0.033761 
-0.032899 
-0.032020 
-0.031114 
-0.030169 
-0.029170 
-0.028102 
-0.026946 
-0.025684 
-0.024297 
-0.022853 
-0.021281 
-0.019441 
-0.017205 
-0.014455 
-0.011080 
-0.006984 
-0.002076 
0.003722 
0.010479 
0.018252 
0.027091 
0.037034 
0.048110 
0.060336 
0.073722 
0.088266 
0.103955 
0.120745 
0.138345 
0.156346 
0.174354 
0.191987 
0.208881 
0.224683 
0.239056 
0.251680 
0.262245 
0.270459 
0.276044 
0.278735 
0.278314 
0.274861 
0.268615 
0.259835 
0.248797 
0.235797 
0.221147 
0.205178 
0.188240 
0.170700 
0.152943 
0.135375 
0.118416 
0.102404 
0.087450 
0.073679 
0.061183 
0.050014 
0.040190 
0.031691 
0.024461 
0.018406 
0.013396 
0.009265 
0.005810 
0.004311 
0.004203 
0.002641 
-0.002454 
-0.012390 
-0.027701 
-0.048155 
-0.072743 
-0.099691 
-0.126450 
-0.149701 
-0.165355 
-0.168242 
-0.149878 
-0.102702 
-0.022201 
0.093090 
0.241587 
0.418657 
0.616018 
0.811304 
0.978310 
1.095859 
1.147848 
1.123304 
1.023644 
0.866831 
0.672803 
0.461845 
0.254590 
0.070234 
-0.081875 
-0.197259 
-0.274454 
-0.315054 
-0.323723 
-0.307349 
-0.273617 
-0.231098 
-0.186639 
-0.145272 
-0.110215 
-0.082870 
-0.063038 
-0.049309 
-0.040084 
-0.033992 
-0.029886 
-0.026843 
-0.024167 
-0.021387 
-0.018257 
-0.014756 
-0.011083 
-0.007193 
-0.002910 
0.001809 
0.007003 
0.012711 
0.018970 
0.025816 
0.033284 
0.041405 
0.050212 
0.059724 
0.069952 
0.080918 
0.092636 
0.105106 
0.118320 
0.132255 
0.146878 
0.162146 
0.178002 
0.194379 
0.211199 
0.228372 
0.245796 
0.263359 
0.280936 
0.298391 
0.315580 
0.332415 
0.348740 
0.364376 
0.379155 
0.392925 
0.405547 
0.416896 
0.426861 
0.435345 
0.442265 
0.447553 
0.451152 
0.453023 
0.453136 
0.451480 
0.448055 
0.442834 
0.435715 
0.426852 
0.416420 
0.404588 
0.391521 
0.377377 
0.362308 
0.346463 
0.329983 
0.313004 
0.295657 
0.278065 
0.260350 
0.242623 
0.224994 
0.207565 
0.190433 
0.173688 
0.157418 
0.141701 
0.126613 
0.112221 
0.098591 
0.085778 
0.073836 
0.062799 
0.052633 
0.043304 
0.034777 
0.027020 
0.019998 
0.013677 
0.008022 
0.002998 
-0.001433 
-0.005305 
-0.008657 
-0.011525 
-0.013948 
-0.015964 
-0.017611 
-0.018929 
-0.019959 
-0.020740 
-0.021313 
-0.021712 
-0.021953 
-0.022050 
-0.022018 
-0.021868 
-0.021614 
-0.021268 
-0.020841 
-0.020345 
-0.019790 
-0.019185 
-0.018540 
-0.017863 
-0.017164 
-0.016449 
-0.015725 
-0.014999 
-0.014277 
-0.013565 
-0.012865 
-0.012172 
-0.011484 
-0.010800 
-0.010121 
-0.009447 
-0.008779 
-0.008115 
-0.007457 
-0.006804 
-0.006157 
-0.005514 
-0.004877 
-0.004245 
-0.003618 
-0.002996 
-0.002379 
-0.001766 
-0.001157 
-0.000552 
0.000050 
0.000648 
0.001244 
0.001837 
0.002428 
0.003017 
0.003618 
0.004230 
0.004847 
0.005469 
0.006101 
0.006751 
0.007432 
0.008163 
0.008966 
0.009871 
0.010908 
0.012115 
0.013535 
0.015213 
0.017196 
0.019489 
0.022215 
0.025515 
0.029514 
0.034325 
0.040042 
0.046746 
0.054501 
0.063359 
0.073354 
0.084506 
0.096819 
0.110282 
0.124870 
0.140545 
0.157164 
0.174409 
0.191949 
0.209453 
0.226593 
0.243041 
0.258469 
0.272551 
0.284963 
0.295381 
0.303481 
0.308942 
0.311516 
0.311200 
0.308073 
0.302257 
0.293910 
0.283232 
0.270464 
0.255883 
0.239812 
0.222609 
0.204674 
0.186448 
0.168387 
0.150755 
0.133785 
0.117687 
0.102632 
0.088752 
0.076136 
0.064837 
0.054863 
0.046187 
0.038737 
0.032405 
0.027038 
0.022469 
0.018554 
0.015016 
0.011420 
0.007166 
0.001499 
-0.006501 
-0.017910 
-0.033917 
-0.054893 
-0.080140 
-0.107690 
-0.134189 
-0.154896 
-0.163858 
-0.155015 
-0.121554 
-0.058344 
0.037648 
0.167357 
0.329769 
0.517731 
0.713993 
0.899590 
1.054635 
1.158320 
1.190212 
1.145810 
1.034239 
0.869059 
0.668114 
0.453538 
0.248811 
0.066920 
-0.083528 
-0.197452 
-0.273389 
-0.313495 
-0.322680 
-0.307070 
-0.275078 
-0.234083 
-0.190260 
-0.148576 
-0.112789 
-0.085095 
-0.064783 
-0.050393 
-0.040587 
-0.034140 
-0.029949 
-0.027029 
-0.024550 
-0.022171 
-0.019757 
-0.017190 
-0.014369 
-0.011216 
-0.007673 
-0.003702 
0.000714 
0.005593 
0.010982 
0.016929 
0.023474 
0.030652 
0.038492 
0.047017 
0.056247 
0.066193 
0.076863 
0.088258 
0.100375 
0.113204 
0.126733 
0.141021 
0.156013 
0.171601 
0.187674 
0.204124 
0.220839 
0.237708 
0.254618 
0.271457 
0.288110 
0.304465 
0.320404 
0.335813 
0.350575 
0.364572 
0.377687 
0.389801 
0.400794 
0.410546 
0.418937 
0.425844 
0.431145 
0.434718 
0.436467 
0.436411 
0.434585 
0.431034 
0.425809 
0.418972 
0.410588 
0.400734 
0.389493 
0.376957 
0.363223 
0.348400 
0.332602 
0.315952 
0.298579 
0.280623 
0.262229 
0.243552 
0.224753 
0.206002 
0.187476 
0.169299 
0.151509 
0.134192 
0.117425 
0.101277 
0.085804 
0.071058 
0.057077 
0.043892 
0.031524 
0.019985 
0.009277 
-0.000607 
-0.009682 
-0.017975 
-0.025521 
-0.032363 
-0.038554 
-0.044114 
-0.049075 
-0.053483 
-0.057381 
-0.060810 
-0.063809 
-0.066418 
-0.068671 
-0.070603 
-0.072245 
-0.073629 
-0.074783 
-0.075733 
-0.076505 
-0.077121 
-0.077602 
-0.077969 
-0.078217 
-0.078338 
-0.078349 
-0.078270 
-0.078118 
-0.077908 
-0.077654 
-0.077369 
-0.077064 
-0.076748 
-0.076432 
-0.076120 
-0.075818 
-0.075531 
-0.075261 
-0.075009 
-0.074775 
-0.074557 
-0.074351 
-0.074153 
-0.073957 
-0.073754 
-0.073538 
-0.073308 
-0.073069 
-0.072827 
-0.072585 
-0.072348 
-0.072117 
-0.071896 
-0.071687 
-0.071491 
-0.071308 
-0.071138 
-0.070981 
-0.070836 
-0.070702 
-0.070575 
-0.070453 
-0.070332 
-0.070209 
-0.070078 
-0.069935 
-0.069773 
-0.069586 
-0.069367 
-0.069108 
-0.068802 
-0.068438 
-0.068009 
-0.067503 
-0.066908 
-0.066189 
-0.065295 
-0.064173 
-0.062765 
-0.061007 
-0.058831 
-0.056164 
-0.052927 
-0.049038 
-0.044409 
-0.038948 
-0.032555 
-0.025129 
-0.016575 
-0.006864 
0.004041 
0.016144 
0.029409 
0.043759 
0.059078 
0.075210 
0.091958 
0.109085 
0.126314 
0.143328 
0.159771 
0.175244 
0.189360 
0.201837 
0.212321 
0.220514 
0.226190 
0.229190 
0.229426 
0.226881 
0.221605 
0.213719 
0.203415 
0.190929 
0.176483 
0.160496 
0.143387 
0.125543 
0.107318 
0.089036 
0.070987 
0.053429 
0.036589 
0.020662 
0.005808 
-0.007841 
-0.020230 
-0.031571 
-0.041725 
-0.050555 
-0.058017 
-0.064162 
-0.069133 
-0.073168 
-0.076599 
-0.079850 
-0.083441 
-0.087984 
-0.094185 
-0.102844 
-0.114834 
-0.131096 
-0.152260 
-0.177717 
-0.205540 
-0.232477 
-0.253959 
-0.264737 
-0.258424 
-0.228586 
-0.170439 
-0.080858 
0.041626 
0.197039 
0.380641 
0.576276 
0.766017 
0.931502 
1.053934 
1.114081 
1.097816 
1.007675 
0.854474 
0.658366 
0.446011 
0.238264 
0.051972 
-0.101755 
-0.217428 
-0.294027 
-0.334403 
-0.343202 
-0.326700 
-0.292809 
-0.250551 
-0.206857 
-0.166754 
-0.133446 
-0.108273 
-0.090712 
-0.078869 
-0.071275 
-0.066500 
-0.063388 
-0.061074 
-0.058983 
-0.056830 
-0.054562 
-0.052033 
-0.049180 
-0.045954 
-0.042310 
-0.038204 
-0.033593 
-0.028437 
-0.022698 
-0.016339 
-0.009336 
-0.001663 
0.006725 
0.015859 
0.025760 
0.036441 
0.047900 
0.060126 
0.073097 
0.086781 
0.101133 
0.116099 
0.131612 
0.147597 
0.163966 
0.180623 
0.197493 
0.214435 
0.231283 
0.247881 
0.264076 
0.279718 
0.294664 
0.308774 
0.321914 
0.333955 
0.344771 
0.354243 
0.362254 
0.368694 
0.373457 
0.376443 
0.377604 
0.376950 
0.374501 
0.370292 
0.364367 
0.356784 
0.347612 
0.336933 
0.324841 
0.311440 
0.296848 
0.281194 
0.264620 
0.247280 
0.229338 
0.210972 
0.192371 
0.173732 
0.155152 
0.136742 
0.118625 
0.100913 
0.083706 
0.067092 
0.051146 
0.035930 
0.021497 
0.007885 
-0.004880 
-0.016782 
-0.027820 
-0.038003 
-0.047353 
-0.055904 
-0.063664 
-0.070662 
-0.076947 
-0.082565 
-0.087562 
-0.091983 
-0.095870 
-0.099265 
-0.102209 
-0.104738 
-0.106892 
-0.108704 
-0.110211 
-0.111444 
-0.112435 
-0.113215 
-0.113811 
-0.114251 
-0.114558 
-0.114704 
-0.114698 
-0.114564 
-0.114326 
-0.114003 
-0.113615 
-0.113178 
-0.112708 
-0.112218 
-0.111718 
-0.111219 
-0.110726 
-0.110247 
-0.109784 
-0.109339 
-0.108911 
-0.108500 
-0.108099 
-0.107704 
-0.107307 
-0.106897 
-0.106467 
-0.106020 
-0.105564 
-0.105101 
-0.104637 
-0.104174 
-0.103715 
-0.103263 
-0.102818 
-0.102383 
-0.101957 
-0.101541 
-0.101134 
-0.100734 
-0.100340 
-0.099949 
-0.099559 
-0.099166 
-0.098766 
-0.098355 
-0.097926 
-0.097474 
-0.096993 
-0.096476 
-0.095916 
-0.095303 
-0.094630 
-0.093888 
-0.093065 
-0.092134 
-0.091046 
-0.089749 
-0.088186 
-0.086292 
-0.083998 
-0.081227 
-0.077898 
-0.073922 
-0.069206 
-0.063650 
-0.057146 
-0.049585 
-0.040861 
-0.030940 
-0.019777 
-0.007363 
0.006264 
0.021020 
0.036780 
0.053371 
0.070576 
0.088134 
0.105736 
0.123033 
0.139627 
0.155077 
0.169005 
0.181091 
0.190966 
0.198344 
0.203014 
0.204845 
0.203784 
0.199856 
0.193165 
0.183893 
0.172301 
0.158697 
0.143386 
0.126822 
0.109436 
0.091623 
0.073740 
0.056108 
0.039009 
0.022689 
0.007356 
-0.006820 
-0.019714 
-0.031405 
-0.041816 
-0.050852 
-0.058496 
-0.064808 
-0.069928 
-0.074074 
-0.077540 
-0.080702 
-0.084011 
-0.087998 
-0.093271 
-0.100480 
-0.110913 
-0.126152 
-0.146616 
-0.171497 
-0.198760 
-0.225142 
-0.246346 
-0.255660 
-0.246085 
-0.211776 
-0.148048 
-0.051373 
0.080703 
0.246676 
0.434871 
0.629798 
0.813234 
0.964223 
1.059075 
1.078781 
1.020279 
0.889983 
0.706329 
0.497802 
0.286866 
0.092476 
-0.071764 
-0.198431 
-0.285053 
-0.333699 
-0.348959 
-0.336959 
-0.305367 
-0.263330 
-0.218998 
-0.177653 
-0.142793 
-0.116081 
-0.097339 
-0.084678 
-0.076328 
-0.070897 
-0.067194 
-0.064320 
-0.061672 
-0.058940 
-0.056070 
-0.052936 
-0.049464 
-0.045606 
-0.041315 
-0.036545 
-0.031255 
-0.025401 
-0.018945 
-0.011848 
-0.004088 
0.004365 
0.013556 
0.023516 
0.034263 
0.045806 
0.058141 
0.071252 
0.085112 
0.099682 
0.114911 
0.130737 
0.147086 
0.163871 
0.180996 
0.198362 
0.215881 
0.233387 
0.250708 
0.267678 
0.284138 
0.299933 
0.314917 
0.328947 
0.341887 
0.353609 
0.363988 
0.372907 
0.380254 
0.385924 
0.389818 
0.391841 
0.391980 
0.390268 
0.386750 
0.381481 
0.374526 
0.365961 
0.355875 
0.344364 
0.331537 
0.317513 
0.302423 
0.286407 
0.269616 
0.252212 
0.234369 
0.216270 
0.198108 
0.180085 
0.162294 
0.144831 
0.127804 
0.111311 
0.095439 
0.080261 
0.065839 
0.052221 
0.039445 
0.027537 
0.016510 
0.006363 
-0.002912 
-0.011341 
-0.018958 
-0.025811 
-0.031924 
-0.037328 
-0.042072 
-0.046207 
-0.049779 
-0.052833 
-0.055414 
-0.057564 
-0.059321 
-0.060726 
-0.061812 
-0.062616 
-0.063170 
-0.063505 
-0.063650 
-0.063633 
-0.063472 
-0.063135 
-0.062634 
-0.062000 
-0.061259 
-0.060434 
-0.059546 
-0.058616 
-0.057659 
-0.056690 
-0.055721 
-0.054760 
-0.053815 
-0.052890 
-0.051988 
-0.051106 
-0.050244 
-0.049396 
-0.048553 
-0.047705 
-0.046841 
-0.045968 
-0.045092 
-0.044217 
-0.043343 
-0.042471 
-0.041602 
-0.040736 
-0.039876 
-0.039019 
-0.038167 
-0.037320 
-0.036477 
-0.035637 
-0.034799 
-0.033963 
-0.033127 
-0.032290 
-0.031450 
-0.030605 
-0.029753 
-0.028892 
-0.028019 
-0.027131 
-0.026225 
-0.025298 
-0.024331 
-0.023308 
-0.022221 
-0.021048 
-0.019764 
-0.018329 
-0.016699 
-0.014819 
-0.012624 
-0.010041 
-0.006988 
-0.003375 
0.000898 
0.005918 
0.011736 
0.018524 
0.026428 
0.035554 
0.045964 
0.057679 
0.070677 
0.084897 
0.100232 
0.116536 
0.133621 
0.151256 
0.169168 
0.187116 
0.204671 
0.221329 
0.236638 
0.250206 
0.261697 
0.270831 
0.277385 
0.281193 
0.282145 
0.280189 
0.275328 
0.267499 
0.256911 
0.244087 
0.229515 
0.213648 
0.196902 
0.179659 
0.162266 
0.145034 
0.128239 
0.112120 
0.096883 
0.082696 
0.069694 
0.057975 
0.047603 
0.038606 
0.030892 
0.024352 
0.018970 
0.014624 
0.011084 
0.008012 
0.004959 
0.001371 
-0.003309 
-0.009494 
-0.019478 
-0.034789 
-0.055660 
-0.081026 
-0.108528 
-0.134509 
-0.154015 
-0.162386 
-0.152234 
-0.113981 
-0.041779 
0.066428 
0.208907 
0.380133 
0.570792 
0.767810 
0.948264 
1.083156 
1.152473 
1.146118 
1.063904 
0.915561 
0.720731 
0.508328 
0.300154 
0.110206 
-0.050226 
-0.174148 
-0.258857 
-0.305943 
-0.320509 
-0.308245 
-0.277897 
-0.237358 
-0.193202 
-0.150693 
-0.113779 
-0.084955 
-0.063914 
-0.049014 
-0.038765 
-0.031857 
-0.027158 
-0.023711 
-0.020744 
-0.017831 
-0.014844 
-0.011680 
-0.008253 
-0.004486 
-0.000320 
0.004290 
0.009377 
0.014960 
0.021061 
0.027734 
0.035026 
0.042979 
0.051624 
0.060988 
0.071088 
0.081934 
0.093528 
0.105866 
0.118934 
0.132711 
0.147171 
0.162276 
0.177983 
0.194269 
0.211046 
0.228195 
0.245594 
0.263119 
0.280646 
0.298048 
0.315199 
0.331969 
0.348229 
0.363847 
0.378690 
0.392625 
0.405514 
0.417222 
0.427611 
0.436540 
0.443873 
0.449540 
0.453501 
0.455724 
0.456190 
0.454898 
0.451860 
0.447103 
0.440670 
0.432617 
0.423017 
0.411957 
0.399538 
0.385876 
0.371104 
0.355367 
0.338827 
0.321660 
0.304056 
0.286167 
0.268084 
0.249956 
0.231923 
0.214112 
0.196636 
0.179601 
0.163097 
0.147203 
0.131988 
0.117506 
0.103803 
0.090910 
0.078847 
0.067623 
0.057234 
0.047665 
0.038918 
0.030993 
0.023840 
0.017413 
0.011666 
0.006554 
0.002035 
-0.001934 
-0.005391 
-0.008378 
-0.010930 
-0.013084 
-0.014874 
-0.016335 
-0.017497 
-0.018393 
-0.019049 
-0.019496 
-0.019758 
-0.019861 
-0.019829 
-0.019683 
-0.019446 
-0.019135 
-0.018735 
-0.018244 
-0.017678 
-0.017052 
-0.016380 
-0.015674 
-0.014945 
-0.014204 
-0.013458 
-0.012714 
-0.011978 
-0.011255 
-0.010546 
-0.009854 
-0.009178 
-0.008517 
-0.007869 
-0.007229 
-0.006593 
-0.005952 
-0.005304 
-0.004651 
-0.003998 
-0.003347 
-0.002702 
-0.002064 
-0.001436 
-0.000818 
-0.000213 
0.000381 
0.000963 
0.001534 
0.002094 
0.002645 
0.003190 
0.003730 
0.004269 
0.004810 
0.005357 
0.005915 
0.006488 
0.007081 
0.007701 
0.008354 
0.009046 
0.009785 
0.010579 
0.011453 
0.012442 
0.013585 
0.014927 
0.016521 
0.018426 
0.020707 
0.023436 
0.026693 
0.030564 
0.035141 
0.040524 
0.046817 
0.054135 
0.062559 
0.072133 
0.082917 
0.094930 
0.108148 
0.122504 
0.137890 
0.154153 
0.171099 
0.188490 
0.206046 
0.223445 
0.240319 
0.256262 
0.270844 
0.283779 
0.294710 
0.303321 
0.309368 
0.312683 
0.313169 
0.310805 
0.305644 
0.297811 
0.287507 
0.275006 
0.260655 
0.244779 
0.227731 
0.209952 
0.191842 
0.173754 
0.156003 
0.138857 
0.122542 
0.107240 
0.093090 
0.080189 
0.068589 
0.058298 
0.049243 
0.041409 
0.034763 
0.029204 
0.024563 
0.020604 
0.017022 
0.013446 
0.009465 
0.005194 
-0.001264 
-0.011873 
-0.027629 
-0.048554 
-0.073700 
-0.101151 
-0.128019 
-0.150495 
-0.165032 
-0.163055 
-0.136202 
-0.078901 
0.011632 
0.135390 
0.289578 
0.468610 
0.664152 
0.859279 
1.025704 
1.140933 
1.190310 
1.167012 
1.072050 
0.915206 
0.719581 
0.508659 
0.301785 
0.114174 
-0.043095 
-0.163317 
-0.245494 
-0.291829 
-0.306274 
-0.294518 
-0.263988 
-0.223126 
-0.178860 
-0.136751 
-0.100505 
-0.071960 
-0.051082 
-0.036524 
-0.026876 
-0.020621 
-0.016514 
-0.013592 
-0.011170 
-0.008843 
-0.006474 
-0.003930 
-0.001114 
0.002024 
0.005529 
0.009447 
0.013819 
0.018685 
0.024082 
0.030045 
0.036606 
0.043769 
0.051574 
0.060066 
0.069279 
0.079235 
0.089949 
0.101422 
0.113646 
0.126602 
0.140261 
0.154582 
0.169515 
0.184999 
0.200961 
0.217320 
0.233982 
0.250843 
0.267790 
0.284698 
0.301464 
0.317984 
0.334080 
0.349581 
0.364329 
0.378177 
0.390988 
0.402638 
0.413014 
0.422013 
0.429545 
0.435531 
0.439902 
0.442603 
0.443587 
0.442821 
0.440282 
0.435868 
0.429556 
0.421498 
0.411841 
0.400732 
0.388313 
0.374723 
0.360099 
0.344572 
0.328275 
0.311333 
0.293871 
0.276010 
0.257868 
0.239559 
0.221197 
0.202888 
0.184739 
0.166854 
0.149331 
0.132267 
0.115756 
0.099888 
0.084751 
0.070430 
0.057001 
0.044463 
0.032784 
0.021939 
0.011902 
0.002647 
-0.005854 
-0.013629 
-0.020708 
-0.027121 
-0.032900 
-0.038077 
-0.042685 
-0.046760 
-0.050337 
-0.053452 
-0.056142 
-0.058447 
-0.060405 
-0.062057 
-0.063444 
-0.064609 
-0.065595 
-0.066427 
-0.067112 
-0.067665 
-0.068096 
-0.068418 
-0.068642 
-0.068779 
-0.068841 
-0.068836 
-0.068775 
-0.068667 
-0.068520 
-0.068344 
-0.068145 
-0.067931 
-0.067710 
-0.067488 
-0.067271 
-0.067064 
-0.066865 
-0.066668 
-0.066474 
-0.066282 
-0.066092 
-0.065906 
-0.065722 
-0.065542 
-0.065365 
-0.065190 
-0.065019 
-0.064851 
-0.064686 
-0.064523 
-0.064363 
-0.064206 
-0.064051 
-0.063897 
-0.063746 
-0.063595 
-0.063445 
-0.063296 
-0.063147 
-0.062997 
-0.062846 
-0.062693 
-0.062535 
-0.062360 
-0.062171 
-0.061971 
-0.061758 
-0.061524 
-0.061258 
-0.060941 
-0.060551 
-0.060062 
-0.059440 
-0.058650 
-0.057648 
-0.056389 
-0.054819 
-0.052915 
-0.050616 
-0.047776 
-0.044263 
-0.039964 
-0.034779 
-0.028623 
-0.021429 
-0.013145 
-0.003733 
0.006828 
0.018543 
0.031403 
0.045380 
0.060432 
0.076403 
0.093047 
0.110102 
0.127284 
0.144286 
0.160776 
0.176401 
0.190783 
0.203534 
0.214344 
0.222902 
0.228959 
0.232339 
0.232938 
0.230726 
0.225745 
0.218110 
0.207926 
0.195366 
0.180886 
0.164918 
0.147865 
0.130099 
0.111964 
0.093771 
0.075803 
0.058314 
0.041526 
0.025631 
0.010792 
-0.002858 
-0.015217 
-0.026247 
-0.036077 
-0.044663 
-0.051998 
-0.058150 
-0.063268 
-0.067575 
-0.071372 
-0.075039 
-0.079030 
-0.083878 
-0.090089 
-0.098675 
-0.111439 
-0.129253 
-0.151949 
-0.178317 
-0.206110 
-0.232068 
-0.252025 
-0.258932 
-0.246055 
-0.207998 
-0.140702 
-0.041447 
0.091150 
0.257110 
0.446767 
0.642300 
0.825329 
0.977051 
1.078248 
1.109584 
1.063272 
0.945762 
0.771879 
0.565730 
0.353038 
0.153113 
-0.019370 
-0.155789 
-0.252719 
-0.311223 
-0.335270 
-0.330446 
-0.303957 
-0.264611 
-0.220897 
-0.178697 
-0.142115 
-0.113361 
-0.092753 
-0.078782 
-0.069667 
-0.063947 
-0.060326 
-0.057811 
-0.055703 
-0.053604 
-0.051402 
-0.048986 
-0.046259 
-0.043170 
-0.039673 
-0.035722 
-0.031273 
-0.026285 
-0.020717 
-0.014533 
-0.007704 
-0.000206 
0.008005 
0.016964 
0.026696 
0.037214 
0.048519 
0.060603 
0.073444 
0.087010 
0.101260 
0.116137 
0.131578 
0.147506 
0.163832 
0.180460 
0.197314 
0.214252 
0.231107 
0.247720 
0.263933 
0.279594 
0.294557 
0.308681 
0.321827 
0.333863 
0.344663 
0.354102 
0.362064 
0.368434 
0.373106 
0.375977 
0.377005 
0.376201 
0.373588 
0.369199 
0.363084 
0.355303 
0.345926 
0.335040 
0.322741 
0.309138 
0.294353 
0.278519 
0.261784 
0.244305 
0.226254 
0.207814 
0.189180 
0.170543 
0.151988 
0.133637 
0.115613 
0.098026 
0.080975 
0.064546 
0.048811 
0.033832 
0.019657 
0.006320 
-0.006154 
-0.017756 
-0.028487 
-0.038361 
-0.047406 
-0.055654 
-0.063109 
-0.069816 
-0.075821 
-0.081175 
-0.085921 
-0.090105 
-0.093770 
-0.096958 
-0.099708 
-0.102060 
-0.104050 
-0.105714 
-0.107087 
-0.108201 
-0.109088 
-0.109777 
-0.110297 
-0.110675 
-0.110903 
-0.110966 
-0.110891 
-0.110701 
-0.110419 
-0.110064 
-0.109655 
-0.109208 
-0.108737 
-0.108253 
-0.107768 
-0.107288 
-0.106821 
-0.106370 
-0.105937 
-0.105522 
-0.105124 
-0.104738 
-0.104358 
-0.103977 
-0.103584 
-0.103171 
-0.102742 
-0.102304 
-0.101859 
-0.101412 
-0.100967 
-0.100525 
-0.100089 
-0.099661 
-0.099241 
-0.098831 
-0.098428 
-0.098034 
-0.097647 
-0.097265 
-0.096886 
-0.096506 
-0.096124 
-0.095733 
-0.095331 
-0.094911 
-0.094468 
-0.093997 
-0.093490 
-0.092939 
-0.092338 
-0.091677 
-0.090948 
-0.090138 
-0.089208 
-0.088113 
-0.086799 
-0.085211 
-0.083281 
-0.080939 
-0.078107 
-0.074699 
-0.070623 
-0.065782 
-0.060071 
-0.053377 
-0.045582 
-0.036618 
-0.026436 
-0.014990 
-0.002283 
0.011637 
0.026675 
0.042687 
0.059484 
0.076831 
0.094442 
0.111989 
0.129094 
0.145333 
0.160270 
0.173592 
0.184899 
0.193851 
0.200185 
0.203723 
0.204363 
0.202086 
0.196951 
0.189099 
0.178750 
0.166201 
0.151723 
0.135746 
0.118724 
0.101078 
0.083188 
0.065398 
0.048013 
0.031299 
0.015488 
0.000770 
-0.012700 
-0.024892 
-0.035868 
-0.045496 
-0.053715 
-0.060549 
-0.066104 
-0.070571 
-0.074225 
-0.077425 
-0.080611 
-0.084311 
-0.089133 
-0.095765 
-0.105096 
-0.118852 
-0.137888 
-0.161759 
-0.188718 
-0.215715 
-0.238564 
-0.251200 
-0.246230 
-0.217390 
-0.159643 
-0.069182 
0.056604 
0.217669 
0.403434 
0.598463 
0.784546 
0.940703 
1.043182 
1.069675 
1.018492 
0.898872 
0.725715 
0.519600 
0.306656 
0.109263 
-0.060304 
-0.193824 
-0.287600 
-0.342456 
-0.362422 
-0.354022 
-0.326119 
-0.286641 
-0.242534 
-0.199762 
-0.163271 
-0.135229 
-0.114604 
-0.100103 
-0.090421 
-0.084237 
-0.080216 
-0.077077 
-0.074264 
-0.071560 
-0.068772 
-0.065752 
-0.062389 
-0.058616 
-0.054406 
-0.049760 
-0.044625 
-0.038948 
-0.032681 
-0.025784 
-0.018221 
-0.009962 
-0.000980 
0.008744 
0.019226 
0.030474 
0.042495 
0.055287 
0.068891 
0.083297 
0.098418 
0.114161 
0.130429 
0.147122 
0.164137 
0.181366 
0.198696 
0.216013 
0.233196 
0.250124 
0.266668 
0.282697 
0.298077 
0.312670 
0.326332 
0.338917 
0.350275 
0.360252 
0.368690 
0.375428 
0.380371 
0.383533 
0.384888 
0.384429 
0.382163 
0.378115 
0.372325 
0.364849 
0.355759 
0.345145 
0.333111 
0.319778 
0.305283 
0.289779 
0.273436 
0.256439 
0.238979 
0.221167 
0.203157 
0.185105 
0.167160 
0.149453 
0.132105 
0.115224 
0.098903 
0.083225 
0.068259 
0.054060 
0.040672 
0.028124 
0.016435 
0.005608 
-0.004364 
-0.013472 
-0.021714 
-0.029140 
-0.035799 
-0.041738 
-0.047003 
-0.051640 
-0.055693 
-0.059202 
-0.062210 
-0.064755 
-0.066876 
-0.068609 
-0.069989 
-0.071051 
-0.071828 
-0.072349 
-0.072646 
-0.072746 
-0.072678 
-0.072465 
-0.072134 
-0.071706 
-0.071201 
-0.070604 
-0.069917 
-0.069155 
-0.068332 
-0.067461 
-0.066552 
-0.065618 
-0.064665 
-0.063703 
-0.062737 
-0.061774 
-0.060818 
-0.059872 
-0.058938 
-0.058017 
-0.057108 
-0.056210 
-0.055320 
-0.054435 
-0.053549 
-0.052656 
-0.051755 
-0.050853 
-0.049951 
-0.049051 
-0.048153 
-0.047260 
-0.046370 
-0.045485 
-0.044604 
-0.043727 
-0.042853 
-0.041982 
-0.041111 
-0.040239 
-0.039364 
-0.038484 
-0.037596 
-0.036698 
-0.035785 
-0.034856 
-0.033905 
-0.032939 
-0.031995 
-0.031033 
-0.030003 
-0.028853 
-0.027527 
-0.025969 
-0.024119 
-0.021915 
-0.019294 
-0.016187 
-0.012528 
-0.008244 
-0.003263 
0.002492 
0.009098 
0.016635 
0.025187 
0.034839 
0.045677 
0.057791 
0.071276 
0.086413 
0.103000 
0.120573 
0.138696 
0.156958 
0.174973 
0.192381 
0.208850 
0.224071 
0.237764 
0.249672 
0.259566 
0.267243 
0.272524 
0.275257 
0.275317 
0.272604 
0.267043 
0.258589 
0.247457 
0.234165 
0.219199 
0.203014 
0.186024 
0.168613 
0.151125 
0.133871 
0.117126 
0.101131 
0.086088 
0.072168 
0.059503 
0.048190 
0.038243 
0.029575 
0.022199 
0.016066 
0.011057 
0.006978 
0.003565 
0.000482 
-0.002679 
-0.006380 
-0.010368 
-0.016679 
-0.027581 
-0.044133 
-0.066179 
-0.092353 
-0.120077 
-0.145562 
-0.163805 
-0.169300 
-0.156591 
-0.116050 
-0.041354 
0.069693 
0.215162 
0.389001 
0.581029 
0.776944 
0.954284 
1.085129 
1.150337 
1.140876 
1.057821 
0.911718 
0.721629 
0.512045 
0.303661 
0.112759 
-0.048786 
-0.173680 
-0.260363 
-0.310654 
-0.328230 
-0.318608 
-0.289148 
-0.248446 
-0.203636 
-0.160495 
-0.122959 
-0.093079 
-0.071025 
-0.055413 
-0.044839 
-0.037779 
-0.032960 
-0.029387 
-0.026347 
-0.023403 
-0.020398 
-0.017244 
-0.013814 
-0.010059 
-0.005936 
-0.001398 
0.003595 
0.009084 
0.015106 
0.021699 
0.028895 
0.036703 
0.045154 
0.054293 
0.064156 
0.074765 
0.086135 
0.098267 
0.111154 
0.124775 
0.139101 
0.154091 
0.169692 
0.185842 
0.202468 
0.219485 
0.236798 
0.254301 
0.271876 
0.289397 
0.306747 
0.323835 
0.340483 
0.356516 
0.371772 
0.386101 
0.399366 
0.411441 
0.422212 
0.431578 
0.439449 
0.445748 
0.450409 
0.453381 
0.454620 
0.454099 
0.451801 
0.447648 
0.441585 
0.433767 
0.424352 
0.413491 
0.401335 
0.388027 
0.373711 
0.358523 
0.342597 
0.326064 
0.309050 
0.291679 
0.274067 
0.256332 
0.238585 
0.220932 
0.203478 
0.186324 
0.169565 
0.153294 
0.137600 
0.122569 
0.108281 
0.094814 
0.082240 
0.070550 
0.059709 
0.049696 
0.040488 
0.032063 
0.024395 
0.017455 
0.011214 
0.005641 
0.000702 
-0.003639 
-0.007418 
-0.010675 
-0.013451 
-0.015790 
-0.017735 
-0.019335 
-0.020637 
-0.021690 
-0.022517 
-0.023131 
-0.023548 
-0.023781 
-0.023845 
-0.023756 
-0.023529 
-0.023178 
-0.022720 
-0.022170 
-0.021545 
-0.020859 
-0.020131 
-0.019375 
-0.018610 
-0.017851 
-0.017116 
-0.016404 
-0.015698 
-0.014997 
-0.014301 
-0.013610 
-0.012924 
-0.012242 
-0.011566 
-0.010894 
-0.010228 
-0.009566 
-0.008909 
-0.008258 
-0.007611 
-0.006968 
-0.006331 
-0.005699 
-0.005071 
-0.004448 
-0.003830 
-0.003215 
-0.002601 
-0.001992 
-0.001389 
-0.000793 
-0.000203 
0.000381 
0.000960 
0.001535 
0.002109 
0.002685 
0.003267 
0.003858 
0.004463 
0.005087 
0.005738 
0.006420 
0.007150 
0.007945 
0.008828 
0.009831 
0.010988 
0.012344 
0.013949 
0.015859 
0.018139 
0.020859 
0.024097 
0.027935 
0.032466 
0.037786 
0.044000 
0.051219 
0.059554 
0.069039 
0.079720 
0.091620 
0.104720 
0.118959 
0.134235 
0.150401 
0.167271 
0.184616 
0.202164 
0.219603 
0.236578 
0.252690 
0.267514 
0.280755 
0.292064 
0.301113 
0.307650 
0.311494 
0.312538 
0.310747 
0.306158 
0.298881 
0.289100 
0.277071 
0.263121 
0.247575 
0.230764 
0.213129 
0.195073 
0.176957 
0.159097 
0.141770 
0.125211 
0.109611 
0.095120 
0.081846 
0.069855 
0.059170 
0.049716 
0.041464 
0.034427 
0.028541 
0.023664 
0.019574 
0.015974 
0.012487 
0.008657 
0.003958 
-0.001966 
-0.010822 
-0.024193 
-0.042670 
-0.065862 
-0.092387 
-0.119879 
-0.144989 
-0.162665 
-0.166199 
-0.149473 
-0.107191 
-0.034876 
0.071080 
0.211398 
0.381488 
0.571806 
0.767844 
0.950130 
1.094354 
1.178471 
1.191312 
1.130462 
1.002275 
0.821875 
0.613142 
0.401341 
0.203482 
0.032758 
-0.102514 
-0.198899 
-0.257490 
-0.281221 
-0.277262 
-0.253183 
-0.216092 
-0.172643 
-0.129029 
-0.090896 
-0.060735 
-0.037975 
-0.021738 
-0.010910 
-0.004149 
0.000119 
0.003239 
0.005695 
0.007871 
0.010059 
0.012459 
0.015176 
0.018227 
0.021631 
0.025450 
0.029727 
0.034499 
0.039807 
0.045685 
0.052170 
0.059296 
0.067094 
0.075589 
0.084792 
0.094732 
0.105424 
0.116875 
0.129079 
0.142017 
0.155661 
0.169971 
0.184895 
0.200371 
0.216324 
0.232668 
0.249306 
0.266129 
0.283019 
0.299873 
0.316587 
0.332981 
0.348882 
0.364128 
0.378565 
0.392053 
0.404458 
0.415661 
0.425550 
0.434024 
0.440992 
0.446375 
0.450103 
0.452116 
0.452364 
0.450808 
0.447320 
0.441926 
0.434761 
0.425958 
0.415650 
0.403965 
0.391035 
0.376987 
0.361949 
0.346047 
0.329407 
0.312153 
0.294407 
0.276293 
0.257929 
0.239437 
0.220935 
0.202540 
0.184370 
0.166538 
0.149161 
0.132350 
0.116217 
0.100875 
0.086412 
0.072804 
0.060039 
0.048108 
0.036998 
0.026696 
0.017185 
0.008444 
0.000450 
-0.006820 
-0.013395 
-0.019305 
-0.024584 
-0.029267 
-0.033393 
-0.037002 
-0.040139 
-0.042850 
-0.045183 
-0.047192 
-0.048930 
-0.050437 
-0.051729 
-0.052818 
-0.053719 
-0.054445 
-0.055010 
-0.055429 
-0.055717 
-0.055888 
-0.055957 
-0.055941 
-0.055855 
-0.055714 
-0.055535 
-0.055335 
-0.055130 
-0.054937 
-0.054770 
-0.054612 
-0.054456 
-0.054303 
-0.054153 
-0.054005 
-0.053860 
-0.053717 
-0.053576 
-0.053438 
-0.053303 
-0.053169 
-0.053039 
-0.052910 
-0.052784 
-0.052660 
-0.052538 
-0.052419 
-0.052302 
-0.052186 
-0.052073 
-0.051960 
-0.051840 
-0.051720 
-0.051601 
-0.051488 
-0.051381 
-0.051281 
-0.051186 
-0.051095 
-0.051005 
-0.050910 
-0.050805 
-0.050683 
-0.050536 
-0.050354 
-0.050128 
-0.049844 
-0.049492 
-0.049056 
-0.048574 
-0.048000 
-0.047246 
-0.046222 
-0.044843 
-0.043028 
-0.040693 
-0.037762 
-0.034159 
-0.029809 
-0.024643 
-0.018590 
-0.011585 
-0.003563 
0.005536 
0.015773 
0.027204 
0.039883 
0.053948 
0.069548 
0.086254 
0.103616 
0.121211 
0.138645 
0.155552 
0.171593 
0.186458 
0.199866 
0.211561 
0.221318 
0.228940 
0.234255 
0.237124 
0.237430 
0.235090 
0.230044 
0.222265 
0.211774 
0.198947 
0.184246 
0.168086 
0.150860 
0.132935 
0.114659 
0.096352 
0.078316 
0.060826 
0.044136 
0.028476 
0.014024 
0.000824 
-0.011067 
-0.021627 
-0.030871 
-0.038855 
-0.045676 
-0.051469 
-0.056409 
-0.060710 
-0.064627 
-0.068454 
-0.072483 
-0.077741 
-0.085535 
-0.096844 
-0.112314 
-0.132258 
-0.156660 
-0.184681 
-0.212368 
-0.234654 
-0.246210 
-0.241445 
-0.214506 
-0.159341 
-0.072089 
0.050035 
0.205736 
0.388048 
0.584337 
0.776297 
0.941915 
1.057554 
1.104307 
1.074154 
0.970001 
0.805354 
0.604268 
0.391997 
0.189037 
0.011059 
-0.131143 
-0.233783 
-0.298017 
-0.326987 
-0.325757 
-0.301314 
-0.262571 
-0.219054 
-0.176646 
-0.139464 
-0.109896 
-0.088583 
-0.074424 
-0.065113 
-0.059243 
-0.055553 
-0.053040 
-0.050980 
-0.048931 
-0.046730 
-0.044339 
-0.041629 
-0.038553 
-0.035064 
-0.031115 
-0.026664 
-0.021669 
-0.016088 
-0.009884 
-0.003031 
0.004484 
0.012710 
0.021688 
0.031447 
0.042003 
0.053360 
0.065508 
0.078427 
0.092084 
0.106433 
0.121416 
0.136964 
0.152992 
0.169408 
0.186103 
0.202958 
0.219842 
0.236610 
0.253132 
0.269294 
0.284905 
0.299782 
0.313758 
0.326676 
0.338395 
0.348789 
0.357743 
0.365156 
0.370942 
0.375029 
0.377356 
0.377877 
0.376562 
0.373369 
0.368166 
0.361062 
0.352219 
0.341794 
0.329941 
0.316812 
0.302555 
0.287315 
0.271233 
0.254448 
0.237097 
0.219311 
0.201220 
0.182951 
0.164626 
0.146366 
0.128287 
0.110503 
0.093126 
0.076262 
0.060017 
0.044491 
0.029782 
0.015987 
0.003126 
-0.008838 
-0.019925 
-0.030161 
-0.039570 
-0.048179 
-0.056017 
-0.063114 
-0.069503 
-0.075216 
-0.080290 
-0.084762 
-0.088670 
-0.092055 
-0.094959 
-0.097426 
-0.099501 
-0.101231 
-0.102666 
-0.103856 
-0.104843 
-0.105642 
-0.106268 
-0.106737 
-0.107065 
-0.107265 
-0.107352 
-0.107340 
-0.107241 
-0.107067 
-0.106830 
-0.106540 
-0.106209 
-0.105845 
-0.105458 
-0.105057 
-0.104649 
-0.104242 
-0.103842 
-0.103450 
-0.103056 
-0.102661 
-0.102265 
-0.101868 
-0.101471 
-0.101073 
-0.100675 
-0.100277 
-0.099878 
-0.099480 
-0.099081 
-0.098681 
-0.098282 
-0.097881 
-0.097480 
-0.097078 
-0.096674 
-0.096269 
-0.095861 
-0.095451 
-0.095038 
-0.094622 
-0.094202 
-0.093777 
-0.093347 
-0.092896 
-0.092424 
-0.091937 
-0.091437 
-0.090916 
-0.090362 
-0.089758 
-0.089079 
-0.088296 
-0.087373 
-0.086267 
-0.084931 
-0.083310 
-0.081345 
-0.078983 
-0.076219 
-0.072894 
-0.068836 
-0.063900 
-0.057966 
-0.050937 
-0.042743 
-0.033341 
-0.022709 
-0.010854 
0.002194 
0.016378 
0.031617 
0.047804 
0.064825 
0.082457 
0.100240 
0.117727 
0.134498 
0.150167 
0.164377 
0.176803 
0.187148 
0.195148 
0.200568 
0.203205 
0.202885 
0.199474 
0.193104 
0.184098 
0.172788 
0.159508 
0.144599 
0.128404 
0.111274 
0.093560 
0.075621 
0.057818 
0.040518 
0.024092 
0.008797 
-0.005296 
-0.018100 
-0.029567 
-0.039682 
-0.048468 
-0.055981 
-0.062315 
-0.067599 
-0.071996 
-0.075706 
-0.078837 
-0.081966 
-0.086068 
-0.092062 
-0.100800 
-0.113078 
-0.129627 
-0.151117 
-0.177315 
-0.204933 
-0.229459 
-0.245630 
-0.247434 
-0.228108 
-0.181572 
-0.102397 
0.013350 
0.164247 
0.343487 
0.538867 
0.733335 
0.901517 
1.017131 
1.063142 
1.031990 
0.925649 
0.759986 
0.560177 
0.349020 
0.146222 
-0.031633 
-0.173888 
-0.277630 
-0.342955 
-0.372493 
-0.371404 
-0.347379 
-0.309368 
-0.265192 
-0.221497 
-0.182902 
-0.151991 
-0.129317 
-0.113480 
-0.102812 
-0.095842 
-0.091234 
-0.087933 
-0.085167 
-0.082444 
-0.079557 
-0.076522 
-0.073206 
-0.069537 
-0.065468 
-0.060956 
-0.055958 
-0.050433 
-0.044340 
-0.037641 
-0.030298 
-0.022281 
-0.013572 
-0.004134 
0.006063 
0.017039 
0.028800 
0.041341 
0.054647 
0.068689 
0.083427 
0.098810 
0.114775 
0.131247 
0.148139 
0.165353 
0.182779 
0.200333 
0.217878 
0.235239 
0.252249 
0.268747 
0.284581 
0.299601 
0.313670 
0.326653 
0.338424 
0.348864 
0.357859 
0.365305 
0.371102 
0.375157 
0.377381 
0.377725 
0.376221 
0.372918 
0.367872 
0.361150 
0.352829 
0.342994 
0.331741 
0.319176 
0.305412 
0.290574 
0.274798 
0.258225 
0.241011 
0.223317 
0.205317 
0.187193 
0.169136 
0.151318 
0.133800 
0.116686 
0.100073 
0.084049 
0.068688 
0.054056 
0.040203 
0.027170 
0.014986 
0.003670 
-0.006773 
-0.016349 
-0.025075 
-0.032979 
-0.040102 
-0.046490 
-0.052159 
-0.057151 
-0.061516 
-0.065301 
-0.068552 
-0.071312 
-0.073626 
-0.075531 
-0.077068 
-0.078272 
-0.079177 
-0.079818 
-0.080225 
-0.080426 
-0.080450 
-0.080320 
-0.080062 
-0.079657 
-0.079105 
-0.078431 
-0.077656 
-0.076801 
-0.075885 
-0.074924 
-0.073932 
-0.072923 
-0.071908 
-0.070895 
-0.069891 
-0.068903 
-0.067932 
-0.066981 
-0.066048 
-0.065132 
-0.064228 
-0.063330 
-0.062430 
-0.061517 
-0.060589 
-0.059652 
-0.058711 
-0.057769 
-0.056829 
-0.055894 
-0.054966 
-0.054045 
-0.053134 
-0.052232 
-0.051340 
-0.050458 
-0.049583 
-0.048716 
-0.047853 
-0.046994 
-0.046134 
-0.045270 
-0.044399 
-0.043516 
-0.042617 
-0.041695 
-0.040746 
-0.039763 
-0.038739 
-0.037666 
-0.036538 
-0.035339 
-0.034029 
-0.032574 
-0.030928 
-0.029042 
-0.026855 
-0.024300 
-0.021302 
-0.017777 
-0.013633 
-0.008771 
-0.003084 
0.003544 
0.011206 
0.019959 
0.029912 
0.041130 
0.053633 
0.067390 
0.082326 
0.098313 
0.115181 
0.132707 
0.150624 
0.168616 
0.186318 
0.203366 
0.219417 
0.233994 
0.246683 
0.257143 
0.265103 
0.270362 
0.272793 
0.272339 
0.269015 
0.262907 
0.254168 
0.242868 
0.229387 
0.214239 
0.197895 
0.180786 
0.163304 
0.145800 
0.128583 
0.111925 
0.096054 
0.081162 
0.067396 
0.054865 
0.043639 
0.033744 
0.025170 
0.017798 
0.011454 
0.006217 
0.002036 
-0.001294 
-0.004131 
-0.006987 
-0.010529 
-0.015575 
-0.023101 
-0.034180 
-0.049773 
-0.070519 
-0.095664 
-0.122940 
-0.148571 
-0.167472 
-0.173310 
-0.158987 
-0.118573 
-0.047402 
0.057934 
0.199166 
0.371294 
0.562823 
0.757929 
0.936475 
1.074014 
1.146315 
1.142713 
1.063299 
0.919807 
0.731818 
0.522283 
0.312701 
0.121578 
-0.039998 
-0.165714 
-0.252886 
-0.302461 
-0.318919 
-0.308045 
-0.278292 
-0.237912 
-0.193714 
-0.151063 
-0.113879 
-0.084609 
-0.063240 
-0.048117 
-0.037705 
-0.030669 
-0.025867 
-0.022360 
-0.019400 
-0.016504 
-0.013521 
-0.010360 
-0.006941 
-0.003191 
0.000949 
0.005528 
0.010586 
0.016151 
0.022239 
0.028880 
0.036128 
0.044031 
0.052626 
0.061945 
0.072006 
0.082824 
0.094399 
0.106727 
0.119793 
0.133573 
0.148034 
0.163136 
0.178826 
0.195047 
0.211731 
0.228825 
0.246235 
0.263815 
0.281417 
0.298901 
0.316124 
0.332949 
0.349239 
0.364862 
0.379685 
0.393580 
0.406420 
0.418082 
0.428442 
0.437382 
0.444785 
0.450534 
0.454529 
0.456734 
0.457155 
0.455806 
0.452715 
0.447921 
0.441474 
0.433435 
0.423879 
0.412890 
0.400565 
0.387012 
0.372350 
0.356711 
0.340238 
0.323085 
0.305418 
0.287414 
0.269263 
0.251145 
0.233131 
0.215332 
0.197864 
0.180830 
0.164319 
0.148414 
0.133181 
0.118680 
0.104956 
0.092044 
0.079968 
0.068739 
0.058359 
0.048818 
0.040093 
0.032151 
0.024954 
0.018493 
0.012731 
0.007620 
0.003114 
-0.000833 
-0.004262 
-0.007217 
-0.009736 
-0.011858 
-0.013618 
-0.015051 
-0.016191 
-0.017069 
-0.017714 
-0.018153 
-0.018414 
-0.018521 
-0.018497 
-0.018363 
-0.018118 
-0.017739 
-0.017250 
-0.016671 
-0.016022 
-0.015321 
-0.014585 
-0.013826 
-0.013057 
-0.012288 
-0.011527 
-0.010781 
-0.010052 
-0.009344 
-0.008657 
-0.007988 
-0.007336 
-0.006693 
-0.006052 
-0.005405 
-0.004751 
-0.004100 
-0.003453 
-0.002810 
-0.002173 
-0.001541 
-0.000915 
-0.000296 
0.000316 
0.000922 
0.001521 
0.002115 
0.002702 
0.003285 
0.003863 
0.004438 
0.005011 
0.005583 
0.006155 
0.006729 
0.007306 
0.007889 
0.008479 
0.009079 
0.009697 
0.010353 
0.011046 
0.011783 
0.012581 
0.013462 
0.014456 
0.015602 
0.016945 
0.018538 
0.020442 
0.022726 
0.025466 
0.028745 
0.032649 
0.037197 
0.042536 
0.048828 
0.056200 
0.064743 
0.074513 
0.085532 
0.097786 
0.111226 
0.125767 
0.141291 
0.157643 
0.174633 
0.192038 
0.209653 
0.227167 
0.244080 
0.259941 
0.274349 
0.286956 
0.297468 
0.305642 
0.311286 
0.314263 
0.314486 
0.311921 
0.306588 
0.298548 
0.287880 
0.274982 
0.260302 
0.244260 
0.227245 
0.209622 
0.191724 
0.173857 
0.156300 
0.139301 
0.123081 
0.107833 
0.093720 
0.080878 
0.069395 
0.059200 
0.050289 
0.042635 
0.036159 
0.030729 
0.026161 
0.022219 
0.018613 
0.015003 
0.011403 
0.007492 
0.000746 
-0.010582 
-0.027269 
-0.049129 
-0.075007 
-0.102785 
-0.129379 
-0.150737 
-0.162753 
-0.158438 
-0.128974 
-0.068520 
0.025720 
0.153508 
0.311561 
0.493561 
0.690201 
0.883158 
1.044328 
1.151857 
1.191643 
1.157331 
1.050292 
0.883998 
0.683769 
0.472454 
0.268928 
0.088097 
-0.059106 
-0.167331 
-0.237675 
-0.273240 
-0.278573 
-0.259665 
-0.223955 
-0.180323 
-0.136727 
-0.097144 
-0.064223 
-0.039153 
-0.021668 
-0.010059 
-0.002416 
0.002493 
0.005764 
0.008227 
0.010445 
0.012715 
0.015111 
0.017757 
0.020719 
0.024043 
0.027775 
0.031960 
0.036637 
0.041845 
0.047621 
0.053974 
0.060940 
0.068571 
0.076911 
0.085992 
0.095836 
0.106453 
0.117843 
0.129997 
0.142894 
0.156501 
0.170778 
0.185671 
0.201117 
0.217042 
0.233361 
0.249980 
0.266792 
0.283691 
0.300602 
0.317357 
0.333779 
0.349700 
0.364963 
0.379419 
0.392929 
0.405361 
0.416596 
0.426521 
0.435034 
0.442041 
0.447458 
0.451212 
0.453236 
0.453473 
0.451854 
0.448292 
0.442884 
0.435746 
0.426995 
0.416748 
0.405126 
0.392246 
0.378230 
0.363201 
0.347280 
0.330592 
0.313262 
0.295415 
0.277178 
0.258680 
0.240048 
0.221414 
0.202908 
0.184662 
0.166808 
0.149482 
0.132817 
0.116939 
0.101853 
0.087563 
0.074082 
0.061417 
0.049572 
0.038546 
0.028331 
0.018918 
0.010291 
0.002429 
-0.004691 
-0.011101 
-0.016833 
-0.021928 
-0.026428 
-0.030382 
-0.033843 
-0.036868 
-0.039520 
-0.041828 
-0.043815 
-0.045515 
-0.046957 
-0.048170 
-0.049180 
-0.050011 
-0.050684 
-0.051219 
-0.051633 
-0.051940 
-0.052152 
-0.052280 
-0.052331 
-0.052310 
-0.052221 
-0.052069 
-0.051903 
-0.051739 
-0.051579 
-0.051421 
-0.051265 
-0.051113 
-0.050963 
-0.050815 
-0.050670 
-0.050528 
-0.050389 
-0.050251 
-0.050117 
-0.049985 
-0.049855 
-0.049726 
-0.049597 
-0.049468 
-0.049340 
-0.049215 
-0.049095 
-0.048978 
-0.048866 
-0.048760 
-0.048658 
-0.048561 
-0.048467 
-0.048377 
-0.048288 
-0.048199 
-0.048109 
-0.048015 
-0.047916 
-0.047808 
-0.047690 
-0.047557 
-0.047407 
-0.047236 
-0.047071 
-0.046957 
-0.046839 
-0.046659 
-0.046355 
-0.045867 
-0.045133 
-0.044093 
-0.042683 
-0.040840 
-0.038502 
-0.035605 
-0.032084 
-0.027875 
-0.022911 
-0.017128 
-0.010460 
-0.002839 
0.005803 
0.015531 
0.026416 
0.038526 
0.051929 
0.066588 
0.082213 
0.098594 
0.115488 
0.132622 
0.149687 
0.166343 
0.182215 
0.196896 
0.210023 
0.221237 
0.230203 
0.236661 
0.240424 
0.241374 
0.239470 
0.234741 
0.227267 
0.217133 
0.204709 
0.190400 
0.174589 
0.157646 
0.139925 
0.121760 
0.103472 
0.085365 
0.067725 
0.050822 
0.034911 
0.020212 
0.006714 
-0.005504 
-0.016362 
-0.025838 
-0.033965 
-0.040834 
-0.046591 
-0.051442 
-0.055646 
-0.059521 
-0.063440 
-0.067834 
-0.073180 
-0.080263 
-0.090794 
-0.105915 
-0.125921 
-0.150258 
-0.177522 
-0.205368 
-0.228794 
-0.241535 
-0.237621 
-0.211385 
-0.157467 
-0.070986 
0.050136 
0.204507 
0.385542 
0.581078 
0.773376 
0.939121 
1.053659 
1.100738 
1.073057 
0.972831 
0.811796 
0.611205 
0.398415 
0.192979 
0.010369 
-0.138958 
-0.249697 
-0.321606 
-0.356826 
-0.361643 
-0.343577 
-0.309880 
-0.267543 
-0.223289 
-0.183493 
-0.151394 
-0.126782 
-0.108998 
-0.097053 
-0.089629 
-0.085075 
-0.081822 
-0.079333 
-0.077202 
-0.075115 
-0.072844 
-0.070252 
-0.067295 
-0.063991 
-0.060278 
-0.056105 
-0.051429 
-0.046210 
-0.040411 
-0.033996 
-0.026932 
-0.019189 
-0.010738 
-0.001554 
0.008384 
0.019084 
0.030547 
0.042763 
0.055713 
0.069368 
0.083685 
0.098615 
0.114093 
0.130049 
0.146399 
0.163049 
0.179894 
0.196820 
0.213701 
0.230399 
0.246770 
0.262654 
0.277884 
0.292282 
0.305713 
0.318082 
0.329231 
0.339022 
0.347333 
0.354066 
0.359137 
0.362485 
0.364065 
0.363854 
0.361845 
0.358052 
0.352509 
0.345267 
0.336396 
0.325988 
0.314106 
0.300850 
0.286392 
0.270903 
0.254543 
0.237470 
0.219835 
0.201784 
0.183458 
0.164991 
0.146513 
0.128146 
0.110010 
0.092217 
0.074872 
0.058079 
0.041932 
0.026522 
0.011913 
-0.001877 
-0.014840 
-0.026971 
-0.038270 
-0.048743 
-0.058399 
-0.067251 
-0.075320 
-0.082627 
-0.089202 
-0.095076 
-0.100288 
-0.104878 
-0.108893 
-0.112383 
-0.115406 
-0.118020 
-0.120242 
-0.122079 
-0.123587 
-0.124815 
-0.125807 
-0.126604 
-0.127240 
-0.127743 
-0.128139 
-0.128447 
-0.128680 
-0.128848 
-0.128955 
-0.129000 
-0.128976 
-0.128874 
-0.128676 
-0.128361 
-0.127918 
-0.127450 
-0.126981 
-0.126512 
-0.126043 
-0.125573 
-0.125103 
-0.124632 
-0.124162 
-0.123690 
-0.123219 
-0.122746 
-0.122274 
-0.121801 
-0.121327 
-0.120853 
-0.120378 
-0.119897 
-0.119411 
-0.118923 
-0.118435 
-0.117948 
-0.117465 
-0.116985 
-0.116508 
-0.116036 
-0.115567 
-0.115099 
-0.114633 
-0.114164 
-0.113692 
-0.113213 
-0.112723 
-0.112219 
-0.111696 
-0.111150 
-0.110575 
-0.109965 
-0.109314 
-0.108668 
-0.108111 
-0.107546 
-0.106871 
-0.105990 
-0.104810 
-0.103243 
-0.101206 
-0.098622 
-0.095417 
-0.091521 
-0.086870 
-0.081404 
-0.075069 
-0.067814 
-0.059593 
-0.050366 
-0.040095 
-0.028749 
-0.016301 
-0.002728 
0.011987 
0.027857 
0.044686 
0.062094 
0.079743 
0.097292 
0.114397 
0.130713 
0.145892 
0.159583 
0.171432 
0.181085 
0.188194 
0.192569 
0.194122 
0.192825 
0.188715 
0.181893 
0.172526 
0.160845 
0.147146 
0.131791 
0.115204 
0.097809 
0.079951 
0.062020 
0.044361 
0.027271 
0.010996 
-0.004263 
-0.018357 
-0.031182 
-0.042687 
-0.052868 
-0.061764 
-0.069402 
-0.075850 
-0.081224 
-0.085691 
-0.089467 
-0.092815 
-0.096005 
-0.099141 
-0.103711 
-0.111151 
-0.122424 
-0.138023 
-0.157968 
-0.181810 
-0.208641 
-0.236350 
-0.258567 
-0.268513 
-0.260143 
-0.228148 
-0.167953 
-0.075720 
0.051678 
0.214036 
0.400329 
0.595325 
0.781339 
0.938231 
1.043407 
1.074452 
1.027976 
0.913117 
0.744156 
0.540514 
0.326750 
0.126590 
-0.047378 
-0.186541 
-0.286690 
-0.348022 
-0.373957 
-0.370480 
-0.346090 
-0.308547 
-0.264812 
-0.221046 
-0.182597 
-0.152365 
-0.129680 
-0.113422 
-0.102385 
-0.095279 
-0.090731 
-0.087332 
-0.084394 
-0.081665 
-0.078922 
-0.075990 
-0.072743 
-0.069105 
-0.065050 
-0.060584 
-0.055652 
-0.050202 
-0.044190 
-0.037574 
-0.030320 
-0.022394 
-0.013770 
-0.004426 
0.005659 
0.016498 
0.028100 
0.040473 
0.053626 
0.067526 
0.082124 
0.097364 
0.113179 
0.129495 
0.146231 
0.163294 
0.180586 
0.197999 
0.215418 
0.232718 
0.249767 
0.266424 
0.282540 
0.297957 
0.312508 
0.326021 
0.338317 
0.349306 
0.358886 
0.366944 
0.373385 
0.378134 
0.381134 
0.382349 
0.381758 
0.379364 
0.375184 
0.369256 
0.361639 
0.352407 
0.341656 
0.329499 
0.316069 
0.301518 
0.286016 
0.269748 
0.252815 
0.235364 
0.217565 
0.199580 
0.181558 
0.163635 
0.145939 
0.128585 
0.111674 
0.095299 
0.079541 
0.064468 
0.050138 
0.036596 
0.023878 
0.012011 
0.001044 
-0.009042 
-0.018280 
-0.026706 
-0.034355 
-0.041261 
-0.047459 
-0.052986 
-0.057877 
-0.062167 
-0.065894 
-0.069093 
-0.071802 
-0.074057 
-0.075895 
-0.077355 
-0.078473 
-0.079288 
-0.079838 
-0.080161 
-0.080296 
-0.080281 
-0.080142 
-0.079883 
-0.079516 
-0.079053 
-0.078504 
-0.077881 
-0.077192 
-0.076446 
-0.075652 
-0.074818 
-0.073951 
-0.073057 
-0.072143 
-0.071214 
-0.070276 
-0.069331 
-0.068385 
-0.067440 
-0.066498 
-0.065562 
-0.064625 
-0.063687 
-0.062749 
-0.061813 
-0.060878 
-0.059946 
-0.059018 
-0.058094 
-0.057174 
-0.056258 
-0.055347 
-0.054440 
-0.053536 
-0.052637 
-0.051740 
-0.050845 
-0.049951 
-0.049057 
-0.048162 
-0.047264 
-0.046361 
-0.045453 
-0.044536 
-0.043610 
-0.042671 
-0.041718 
-0.040747 
-0.039738 
-0.038681 
-0.037568 
-0.036384 
-0.035104 
-0.033695 
-0.032118 
-0.030323 
-0.028252 
-0.025840 
-0.023013 
-0.019689 
-0.015777 
-0.011182 
-0.005875 
0.000288 
0.007468 
0.015787 
0.025328 
0.036136 
0.048219 
0.061544 
0.076041 
0.091602 
0.108080 
0.125290 
0.143009 
0.160983 
0.178980 
0.196535 
0.213170 
0.228459 
0.242029 
0.253562 
0.262790 
0.269498 
0.273524 
0.274760 
0.273148 
0.268685 
0.261336 
0.251213 
0.238807 
0.224596 
0.209019 
0.192487 
0.175373 
0.158021 
0.140740 
0.123804 
0.107458 
0.091911 
0.077338 
0.063883 
0.051656 
0.040734 
0.031161 
0.022899 
0.015771 
0.009813 
0.004983 
0.001120 
-0.002051 
-0.004924 
-0.008006 
-0.011925 
-0.017421 
-0.025189 
-0.036781 
-0.053479 
-0.075319 
-0.101083 
-0.128304 
-0.153270 
-0.171362 
-0.175407 
-0.158374 
-0.114682 
-0.040196 
0.067765 
0.210487 
0.385736 
0.579269 
0.773108 
0.947886 
1.082847 
1.155845 
